17.76667
2.4655247
2.5231118
9.60539
0.18723245
13.254379
2.3794315
1.0456507
1.393695
34.1381
1.6179812
2.2964976
0.52962965
9.491086
7.2129
51.834873
0.63184935
1.9126035
47.339275
2.144283
1.9010756
0.47033408
11.387179
8.101608
0.5639658
34.82754
1.6603817
0.6280134
10.2216
2.5637367
2.5237281
5.656263
23.587185
14.473239
3.898712
28.301445
5.3725405
5.4605365
10.223352
6.552503
7.025992
2.423709
4.9068165
17.851427
1.9010117
11.326217
2.920324
0.75573474
13.385527
3.9858568
3.8267088
6.1116776
4.996879
33.067787
0.7534407
0.8864457
1.9545821
1.5002848
15.096335
5.8728733
0.5101453
0.7389398
6.1238194
4.2805142
8.670588
27.802357
1.7391922
1.2209803
6.3288875
4.6819515
2.3216836
2.6481745
6.964484
1.6760681
12.132098
28.518888
3.7915726
16.941
2.4998567
3.2112744
1.9273582
19.466785
9.361195
1.0986806
3.1229525
2.886896
14.414237
38.74194
1.6790464
0.21261041
2.7534857
3.108535
2.62793
11.417739
6.026777
1.6608924
13.155913
10.81829
25.156326
6.782337
1.7278734
0.66070664
1.2946696
8.191208
11.328482
3.0769157
2.7975733
1.0824801
5.70979
0.70066965
0.44069722
1.3760211
8.757788
1.8300995
3.7195158
4.4209585
0.7937388
0.66550523
0.98866016
3.0467012
2.6266222
1.023086
2.643101
1.4295487
0.3871073
9.793009
1.7058535
0.52036285
1.0099511
7.2072644
19.077997
10.186966
1.2212182
1.5168674
2.8743954
5.838064
1.1218438
10.645364
6.645757
10.53942
5.4392786
3.073189
1.3753566
19.625824
20.31383
35.73529
17.645445
0.78842187
18.685211
8.937084
4.0421844
0.6782774
4.4506984
37.306454
1.9374201
0.42729613
3.154316
0.9063525
10.556101
4.0947795
17.065224
3.5256567
7.344247
11.726856
6.0753207
4.582569
5.8942766
11.507616
1.563819
2.1695595
0.5411097
10.724522
4.3995643
26.71546
10.150213
2.4297068
12.980051
2.77689
9.997799
12.087022
3.0246074
4.91192
12.723318
3.5462248
10.741279
0.49708876
7.228105
6.6380477
2.01931
1.5562241
0.13136224
3.3974144
3.9874635
11.184258
10.443803
32.23783
14.680122
13.629119
13.171256
0.91175276
8.5902195
2.8622322
19.8658
13.549222
12.010326
10.113167
10.103335
5.6037636
1.4599434
14.758822
0.78950894
3.9374914
8.1685095
13.101656
6.142519
10.183005
11.1439295
1.9204911
7.9984417
4.9250855
2.984186
2.2054527
2.0726376
11.776046
25.914053
5.804674
0.4212695
18.2294
3.6405218
1.5355483
6.310053
21.141132
1.3086488
2.0967724
7.041964
9.919032
2.416924
1.0776436
1.0509212
1.25542
17.2972
6.4624186
33.995995
1.0119189
10.54305
9.272018
1.3307488
3.1257014
1.9163078
2.6179407
3.1282694
6.6034017
28.836254
6.191751
6.833953
22.553938
1.7527153
2.7786994
3.0522177
4.5299144
0.9998867
0.96762973
11.227014
4.96791
1.9015614
0.4388953
0.6374887
0.2500326
2.3527498
2.9175112
0.4136817
3.231837
4.235649
2.268328
3.1578114
0.7878881
0.053141277
1.0639013
8.216932
19.486706
2.957582
13.403891
3.5614157
7.3425484
10.791362
17.004114
8.454452
1.2441652
2.2991433
5.626737
8.469196
11.030087
14.735362
5.870554
19.715143
30.241276
18.011076
38.40709
9.513354
0.9900795
11.092578
6.199659
5.339675
1.1189694
12.202097
0.98087966
5.443657
7.1298394
6.9346895
15.928374
3.4195504
12.885434
20.104342
4.1359134
0.49948117
0.7716311
1.0738486
13.028471
6.308509
0.8389847
1.0467008
1.7908454
18.188337
22.25897
7.1054845
3.1011646
3.0060415
4.0045953
14.334488
2.859394
3.5525649
4.02048
1.1932441
9.0876665
9.30174
1.5324346
2.7532017
2.8036423
0.65951455
2.0358799
7.0156846
23.01726
3.0626495
3.8390179
3.339655
5.1122174
5.899398
0.657084
0.46206242
0.8915469
0.483049
7.490508
13.942847
8.17189
6.005379
1.6202352
3.5692198
5.7316136
3.6988676
4.2590594
2.6668303
5.778936
4.5112996
20.108576
9.1324005
21.062403
11.155267
6.665442
8.81474
3.7067246
6.0431647
0.7959535
6.6276803
6.0389047
9.46451
18.793835
1.1334299
37.44505
11.907823
8.392262
1.6787927
37.05847
18.197142
6.6831436
9.166095
60.674843
2.9865384
6.277497
7.7838326
1.5639687
3.8388789
12.300169
6.164442
15.943079
11.491634
21.975697
7.7296815
12.318101
11.998837
19.690472
0.48096356
18.163317
26.45777
31.044811
2.816341
6.4521446
2.7090843
3.8045487
2.12961
4.1732087
7.990941
3.240504
8.807664
4.1731772
11.379029
2.2410173
10.390253
3.4923778
1.6931641
1.6815513
4.0926285
0.032863174
0.57429993
1.9982893
2.777976
9.387745
2.6241767
10.641643
0.56220555
3.0686975
0.29914558
5.4530616
2.71381
5.5292044
9.86438
4.3577185
5.907422
6.7252283
10.251266
5.0358076
3.6643057
10.795984
4.8322773
18.885592
28.322418
4.249994
1.4921602
1.6383078
8.158398
13.284617
0.68157834
4.2487965
4.439144
0.23750705
0.7481449
25.829464
4.130929
7.986161
0.010591149
0.6842956
0.5473149
8.569379
2.9794452
0.56036776
2.25729
0.8110299
16.387836
3.33615
9.485734
6.1276565
2.1901917
3.694309
0.68303645
2.9469461
2.9143684
10.566851
2.661442
31.487556
19.106981
3.0627031
0.603941
0.8045998
4.2553735
4.171634
3.9896858
1.7389755
32.484383
2.3382547
3.969869
10.655863
10.629163
5.5478706
9.544202
3.4244769
21.436808
5.9468136
1.0775028
9.003196
3.169647
9.6074095
12.671169
2.0012698
15.476485
10.040898
1.0861495
8.089039
16.734129
5.788854
21.756674
2.5121458
10.242731
4.31119
5.055177
1.5275983
18.347652
6.37812
0.43517658
2.250813
1.6335367
15.267413
5.2870216
12.289544
1.4871756
3.2114375
11.89121
16.706997
1.3085074
1.1314298
0.7946982
0.17160843
15.729901
14.89798
5.7584653
14.473708
10.869939
2.9944565
4.1446342
3.648573
1.1241666
1.9559313
20.423906
5.8612733
15.241249
7.102067
21.494122
5.859958
3.8773892
8.601641
10.852539
0.36665225
6.838909
8.595135
10.993717
3.9086344
5.090536
2.4583824
9.442599
14.566805
1.7841606
17.84148
1.6405793
4.1643558
4.5188026
41.5611
4.4311776
8.889787
3.3783147
0.71043473
3.2611277
1.2184478
1.804558
5.245526
2.0891063
2.6597757
0.67607677
12.897532
5.889357
9.696515
11.393576
0.6107343
19.422564
13.12147
12.975169
15.373323
2.2582014
0.15976556
5.0568357
3.7312484
1.8307419
0.12019548
0.62957835
0.11390538
0.84490436
1.8102249
5.720155
6.1493163
3.0938249
9.929938
20.771059
24.688797
1.8342383
37.62098
15.858452
22.275398
15.331432
10.304731
10.780109
31.74274
9.941914
2.1315646
3.7408803
4.8500495
9.894169
8.71255
15.436872
9.149898
11.634386
5.741859
0.877449
3.6540713
0.5151134
9.174424
2.212927
0.70131165
25.241922
7.6867867
0.5808597
13.215601
7.829766
1.1146456
7.754478
2.6221485
11.016882
10.731434
7.668335
79.93103
4.103903
0.24181548
29.32245
2.6287026
1.7801427
26.667706
2.117182
3.206013
0.71817476
1.6106509
24.942665
2.5836647
6.5792418
1.1963868
1.0521382
41.116726
0.7438946
0.44247526
5.435768
5.785786
8.395427
9.06519
3.291878
2.375473
1.6880783
5.1622214
2.183332
1.75601
4.229458
19.879179
3.158353
0.47822723
0.24790117
0.80622065
0.7234473
2.6325197
0.33630735
6.4629784
4.65631
2.6057403
5.2469263
16.028442
28.646244
10.892891
4.8561397
9.103805
5.461548
2.646508
4.0698166
1.6784043
0.993821
0.7169825
4.5393825
6.1971083
2.7483294
15.429553
2.88508
12.183951
16.759483
1.182611
1.2250196
11.411868
15.050121
7.1303086
12.538435
29.658783
8.82128
19.718094
3.2817369
3.1166792
30.679771
11.673323
4.6653643
10.241545
23.78096
3.343276
2.2407317
6.1395087
0.74859893
4.029737
10.023617
13.099047
17.556967
2.1411936
0.18039197
1.231583
3.7375002
15.893148
2.1173625
1.4706829
5.4067264
1.2254947
2.1893592
0.46435943
20.764858
9.339887
4.84004
14.103269
6.3760304
9.937348
7.375769
10.19342
9.163883
5.6402717
24.644247
3.8958786
7.861639
16.634144
9.375798
0.31192255
6.4050713
4.151231
7.9740896
2.8068142
5.090713
6.2535276
14.450837
7.629125
4.4659324
14.373943
9.379106
11.656822
4.270723
12.28908
2.5353184
6.7049537
12.001272
2.4457474
2.9593723
0.83263326
2.797634
1.1783608
2.5319316
7.4459715
0.9334917
5.7574058
1.3649482
2.1600132
4.4485736
3.2949545
17.4151
4.947388
3.085882
1.5014241
6.880763
2.9627273
2.4575589
2.934492
9.522594
25.483835
0.015929358
7.2397356
0.47496876
0.56486344
11.752323
14.643219
21.589909
8.408654
6.3172007
19.623678
42.16402
1.5957913
14.473559
3.8312676
3.4496334
3.339556
0.65691394
3.3121705
0.7551707
9.580663
7.5274835
8.528904
11.883425
6.982267
2.342221
3.0008364
6.4632325
0.8144252
2.33219
8.248062
5.0249567
1.7343647
0.32953787
4.674871
5.097527
11.4910965
12.979791
13.991573
6.580369
5.4537764
0.7535563
13.225195
5.622872
7.6630845
4.5369864
8.202831
0.112251766
6.13242
8.299984
5.349192
4.9668117
4.292856
3.1774476
20.443087
2.987298
0.47792873
3.1332912
3.0290794
26.91864
13.492186
10.060199
16.891392
1.0749705
34.304085
7.6629143
0.8440567
0.9914309
5.125463
0.9032923
10.082163
5.658392
3.026551
0.8550823
16.17187
11.657138
6.3100114
22.887793
43.91088
8.332165
5.2558284
0.6062225
17.363035
22.703917
8.789217
14.304132
1.6579329
2.1226203
20.834995
6.289555
2.5300229
2.370818
11.743838
0.8893703
0.27077347
3.677732
2.7778492
3.6431575
16.803152
2.9242568
8.284691
3.439066
4.419119
2.47767
1.3265665
9.465133
0.6473932
2.9462
7.8615165
12.097968
6.2841363
5.6444383
1.4998012
1.8529885
29.0843
7.676233
18.95873
42.099964
11.438446
2.3589776
6.1366878
7.7180414
8.856532
11.746927
3.6057227
30.41832
4.4368787
6.8404512
5.458242
2.6830359
3.4559479
4.736881
3.5891135
19.297781
12.667805
10.332534
4.375213
17.98491
22.342077
21.471924
4.2294455
2.2763677
15.0874
2.8210924
15.719458
9.177809
10.273403
1.8312706
12.480875
10.711494
5.8889914
8.664786
2.036944
4.322953
2.9653819
2.7951548
29.175306
3.4982831
1.5085243
1.2344226
14.820623
21.503181
0.73222077
0.8796324
1.6140132
21.642448
0.6711036
0.5139388
11.802797
12.54774
8.06299
9.824232
5.3341966
3.824041
5.227179
6.28038
8.433833
3.3385658
4.213491
2.2774856
1.5291692
6.389514
4.020291
12.152439
5.362882
4.199943
0.62157685
9.937061
2.6270018
22.67779
22.39053
6.412084
6.8351455
21.495728
15.97619
3.8837414
6.2038913
8.600727
4.5925446
11.951064
4.8624334
6.671518
9.215907
16.969408
4.9929967
14.507458
4.8600683
33.598648
15.340208
14.811861
13.8186865
10.454796
2.7556226
1.8056173
46.155716
34.280193
0.6154493
0.8631665
0.02418712
3.5315173
13.809941
1.6492895
2.3526947
2.0959551
0.26136154
4.5704646
2.4126701
5.576466
1.2676837
2.447406
1.3776823
2.0795078
6.2090135
2.034904
3.632045
8.113303
0.064630926
4.748645
1.2035484
0.72391963
3.7736785
8.240396
5.5655932
5.562825
13.890124
16.715883
18.429274
12.013442
2.0784943
0.2659105
0.7832097
10.847697
11.639878
7.5290756
6.031704
8.845499
22.048996
3.157556
5.0351276
1.9993086
19.918936
0.78354913
0.986838
11.717659
1.5029548
11.444689
4.0380955
5.2072186
7.7838955
10.143914
23.543867
4.1183963
29.920298
5.712
30.451622
3.9122517
31.521496
2.8715549
10.881573
3.6039968
3.183446
2.299944
7.2165165
2.7691054
10.359494
2.7577434
14.590133
16.232796
7.7243247
6.394869
2.8780928
0.37572104
7.3620396
5.9662824
17.665236
17.431654
15.611116
3.4467657
15.459906
5.164409
0.820645
2.8166394
6.8115854
22.326855
11.832141
11.885432
4.236567
2.9363482
2.8316016
29.648296
14.900713
2.1808918
9.681136
2.7461936
6.5786557
2.4147701
27.301586
0.019944258
8.088793
1.6381395
8.025389
1.749313
1.2635679
1.8252136
3.1685114
1.8110447
5.014383
9.140961
9.824609
9.446007
6.7600026
11.22513
6.4949727
49.576946
6.014108
4.203606
2.0400379
5.6861916
1.5146133
20.904814
1.2923163
2.195869
25.749193
1.3732141
0.59350854
14.073374
9.638991
10.36891
4.8398705
5.432562
0.08148239
0.3533952
1.1206326
1.0694088
3.3849912
0.27680165
3.1546292
6.9166665
5.5307946
0.3415604
1.7274541
1.2293103
3.6732776
17.614601
23.64372
2.116747
0.9817201
0.82273763
10.745869
11.464469
1.4184465
6.250387
15.022704
17.099566
5.755182
1.4918457
1.4484509
4.6963515
9.988041
7.3705235
5.650175
5.167683
9.5680685
7.1146336
4.621356
1.1863567
4.803939
15.725429
6.5259337
0.6828341
9.092831
0.18314269
7.6044226
12.785976
3.6785796
9.550107
3.551724
3.9765606
2.0896072
4.1793966
1.3721197
6.472934
0.5475491
0.6787983
6.140445
30.29115
19.313839
8.330115
2.1556532
3.7983346
1.89556
3.684011
1.429219
0.4040617
8.92297
6.9174967
11.617499
5.3294454
4.1455817
8.368254
14.671209
9.150419
5.157242
3.99302
10.011144
3.9763122
10.444858
8.991308
9.308454
18.798363
6.686577
16.443546
4.4770713
5.4365664
2.1655931
1.8162861
9.242008
0.8536296
2.7779877
8.720887
3.6875567
7.0680866
4.210409
8.71361
2.9064255
22.71405
3.6451223
1.0387754
4.3384194
0.81071144
6.3250003
12.114241
7.3640175
9.5609455
0.3935173
1.7383063
8.683066
16.836699
8.002152
38.57302
7.8962417
22.662025
11.169285
0.977259
7.702729
1.273646
1.3374186
2.465216
4.8262734
6.7767053
2.6656678
9.827142
8.783139
0.6737994
0.7178203
3.2055702
10.489932
14.022435
4.004902
15.027054
17.33912
5.2052426
17.690022
0.2680288
0.17716019
5.0298905
35.404297
21.192116
1.2611437
9.802289
4.999858
2.7506797
6.488666
22.169695
8.511719
1.960678
0.3320904
0.75444883
23.095127
4.2555723
13.654331
6.754709
1.7560265
9.30037
21.245361
11.620782
3.043435
20.332308
7.7950964
3.4003227
1.4803171
6.028923
7.7923517
5.3861027
3.7814646
1.8429478
7.5144134
22.655092
6.7964067
6.267334
6.0086017
6.421542
0.81924397
5.372401
6.4126525
8.747201
0.47704142
0.5476944
0.86456144
2.421937
5.8284287
13.297133
9.457096
13.365872
19.879257
11.612412
7.244573
2.4696944
16.652967
2.004294
2.484984
20.613071
1.3379586
24.076242
5.190862
10.880397
3.6527996
2.5020695
6.3355036
9.3023815
0.91225594
1.5024985
18.537992
14.821492
18.433945
11.563762
9.780427
46.142406
10.78397
26.086727
8.900505
9.260769
5.6892223
14.142772
13.934997
0.95140874
18.593105
14.500255
1.4926897
3.8756368
1.8189559
10.385721
1.50646
7.177778
17.708271
23.880066
5.1765504
6.578135
5.05536
28.112705
1.9037225
9.414329
3.06447
0.97636735
1.8858597
14.979072
7.732882
1.38588
19.684803
15.399209
2.4164476
10.312702
10.829441
0.8492452
3.652396
1.0717194
37.29793
8.427311
3.3906486
3.3488836
11.081688
2.9961286
6.053854
16.356796
9.912148
3.2290144
6.3772583
4.1682653
15.904434
11.77179
21.970726
1.5573679
5.073516
2.2109916
0.635089
0.6496515
6.491464
4.5589304
14.596427
9.768017
8.607948
7.5963626
13.190269
11.915858
3.8533313
8.479941
5.154294
5.3851967
9.981841
25.325874
18.251974
5.4670324
22.235472
5.85818
1.715784
25.360668
7.1722784
15.219626
0.030955957
0.66258353
5.589553
5.779275
1.4249121
2.0808852
13.39115
0.5556725
2.081078
3.052268
0.9919471
20.32851
2.2603455
7.099145
9.659221
22.917599
2.5190237
1.9882935
7.931303
10.077022
13.288768
1.1795555
3.8496058
8.211276
11.403472
22.703583
3.8227558
14.727079
1.1393155
2.2805874
6.6333117
0.8554562
1.429682
0.7273718
12.53904
5.360633
5.884462
32.62291
9.662866
14.819113
28.398554
5.0910683
2.0390518
8.244948
16.032438
2.8986936
5.615872
21.664679
5.543216
7.778313
4.7667246
7.6968937
16.437286
20.720263
10.374826
3.4170465
1.0627873
0.38909096
30.074972
14.263746
8.976109
1.1128745
20.003
15.831356
5.9488025
27.150085
19.10331
1.8906698
11.6491165
6.929645
12.819244
5.191774
3.482518
18.58751
16.692816
3.9120212
2.0475705
1.2275121
5.4683356
5.9055276
5.3633285
10.025784
6.1394515
5.297161
8.168423
8.295148
8.902011
4.1108527
4.3314734
4.90447
15.229292
6.3061147
0.8012675
0.7201082
9.739813
3.9739952
1.0998231
2.5324888
0.22221915
0.11783094
4.22241
22.508045
0.044876184
14.377161
5.519653
2.7841074
14.186596
12.874059
11.654506
12.566128
11.89928
4.670788
4.8159146
23.770073
4.2136564
4.5154686
0.91533476
14.686189
3.4710243
3.1124973
2.160337
1.4146878
0.4182635
13.8525305
11.6952715
0.7098153
10.310656
4.0765467
1.2376165
5.28755
15.280826
1.6196002
4.136317
0.8608395
0.82058465
1.5143605
1.634059
16.775555
2.7788968
4.5938234
22.291565
4.608091
5.8109393
8.10606
17.002853
9.332557
6.326278
24.0652
1.3883854
9.602453
7.1739
6.5855083
38.971714
7.0014453
18.358175
1.9044966
9.120357
2.5625594
24.914862
7.3008585
9.124976
5.7377973
35.783035
10.383517
6.8244367
22.85998
17.317808
3.3698967
16.153526
8.68713
13.151238
6.048465
3.4891412
8.066877
3.4534178
3.0149193
23.50333
5.433517
13.714985
9.675199
6.570548
0.59714854
2.1827893
2.401466
1.2450142
6.258044
6.3310833
8.323237
0.15072866
5.313137
1.6765357
21.106583
23.554564
0.5708873
1.819962
0.8036028
5.1490836
1.2836139
2.420284
1.6930116
2.2453997
5.965942
1.8397794
1.966094
6.678669
0.22069426
5.505063
1.7601546
14.722488
3.1077769
4.504379
4.3875
16.981298
7.140114
7.9166417
17.266134
6.387578
0.23968059
0.46340817
12.285799
4.5823045
14.252708
13.508096
0.8893973
1.6871392
6.1881433
5.625119
4.7766085
4.3028874
2.6680765
1.8139586
15.821544
20.700668
2.229034
1.7100002
10.009357
8.247865
0.694494
27.780148
7.519521
0.5687142
13.667566
9.324193
7.5605817
8.402599
1.2735546
9.9092655
2.3274734
3.6827495
12.706666
2.370699
0.27368492
3.2436383
4.003267
3.3026
18.034073
1.6426893
23.35296
33.202263
1.838873
2.3545158
0.99783325
0.20328103
0.19664139
7.1784253
5.227369
10.856224
4.011392
2.835932
5.1579943
8.88156
1.0512217
0.5386344
1.5773838
0.45261794
4.899434
10.674414
5.325706
19.949308
17.664486
14.362551
9.193904
9.985199
8.129224
8.064705
11.3504715
1.3830863
7.185007
13.485144
0.6257577
0.53232265
0.74250984
1.6857837
0.092441216
3.7142973
4.138385
4.7657924
6.726584
6.2628508
20.306522
6.5325003
12.617668
2.0319724
14.071563
1.0227557
15.744464
5.6543446
0.0949899
5.01476
6.381467
10.00249
6.465311
4.154083
6.728446
8.894869
3.3746471
6.2975755
5.2791567
1.1162541
18.995207
1.4357265
11.643081
23.108982
5.039773
8.391758
4.918817
25.054173
10.767054
20.554857
2.5503461
7.0374117
30.7987
4.723835
2.0486379
16.562744
1.5845401
9.407417
1.0776597
1.0591819
11.534505
11.58611
3.8697312
33.458748
4.459099
3.3506422
11.417022
14.203971
1.90846
8.494313
1.8212143
1.2198629
2.2146413
2.142604
6.6090307
3.9556785
4.113106
3.4944513
10.205079
8.653594
19.647919
13.616135
4.6386857
7.464205
10.679562
12.607033
0.445813
5.9034758
4.3094454
3.8556182
9.995095
4.5731783
8.224618
9.258585
3.7075064
6.322556
5.8566933
1.4116862
5.9397683
3.0730598
4.247137
8.282771
9.094971
9.923633
10.297603
0.8556809
2.656272
2.7221398
12.547726
8.348833
49.899094
24.408794
8.607891
5.045184
0.09854099
2.461042
15.678624
20.16576
9.116463
6.8699784
0.028589996
0.3914112
0.5406268
13.041463
2.2773395
4.223294
5.5379095
6.1364427
3.869014
3.879353
20.986053
7.3516846
7.4490504
6.022621
5.464118
7.1995726
2.3213573
4.2414446
3.8796928
1.0927466
2.4822662
11.487501
12.729668
5.683158
3.3819978
1.9995397
21.117395
1.7576123
2.2688482
1.2658826
5.54277
7.376747
6.1170087
11.288695
13.271301
4.1553526
9.251769
8.8757305
11.483671
3.15247
15.278831
11.52421
3.7534764
30.25826
4.922085
0.30516347
19.314445
7.0345583
6.277294
1.6880959
2.8436677
0.779109
0.8450453
2.4332814
12.20746
23.9043
21.38926
2.5446632
2.973807
4.8185334
9.547935
0.40184346
3.364778
1.2648144
4.161305
3.8268323
16.57108
3.4727085
7.8140097
0.10826238
4.5356054
1.6534921
3.411556
2.7827532
4.8614283
0.9018309
5.955906
5.958149
0.2509323
6.7243953
6.255109
11.930467
3.9997475
9.79537
1.2040738
2.6787214
5.797413
4.7105055
2.5654628
0.49051338
2.1197326
2.352129
3.4557705
8.368715
9.681406
7.0744195
0.8945859
0.68041587
0.4732337
0.40736923
0.86399275
7.670393
0.3100703
18.007051
7.385488
5.9336457
21.89869
10.676792
4.306175
1.1375647
9.158464
3.9274054
12.209475
16.307783
19.202343
10.714947
6.3569775
22.729452
7.249985
5.2367578
0.5869432
2.226606
1.9327195
0.30304444
6.302781
1.4932742
5.1354156
32.384106
8.384601
5.030026
3.4876533
2.8516374
8.581926
1.5817232
4.408463
6.1775575
0.8772778
3.4545364
17.890081
5.8767657
21.508522
3.5826917
4.230477
0.75572205
25.542707
8.3333645
10.709391
2.6959968
12.542641
7.2717648
7.596507
14.245188
0.75976866
0.9877775
8.419057
15.629539
9.353844
11.876731
2.4525163
6.2499366
0.17847663
9.897734
3.0139792
1.1213579
9.343748
5.7363
14.94734
0.24461591
7.3761187
12.009965
0.07421463
5.6871953
0.2084716
0.2793242
2.4890575
12.716555
17.59105
1.3259578
4.384012
10.774762
3.5561671
2.8359036
1.374167
12.835292
0.8014091
0.75820047
2.5629075
1.0173765
10.922684
9.529329
4.6379147
4.650964
8.870733
13.019514
10.231068
0.2735386
0.7425607
0.40585136
7.7081237
8.450767
0.10592415
0.5184303
0.39143792
7.125295
6.8302584
1.405296
0.65357834
32.715714
0.38212788
0.2606203
13.474508
6.8199673
0.29915544
0.86732924
15.065658
21.692926
14.611655
3.4192333
4.984203
16.617792
9.889118
3.0381324
18.242264
3.707296
3.575014
2.197636
4.9224014
1.1607498
0.99943745
14.214152
2.9249818
7.7103605
16.77058
3.9513507
4.065826
0.06320657
3.9037008
7.2409277
0.5758969
15.324043
4.863265
5.7964487
7.6589885
8.887202
3.3766048
21.74168
2.6496782
2.101782
4.752909
14.79436
13.714414
2.0809736
5.036346
14.43964
2.5776484
1.9246422
2.1158926
5.0535913
3.3048663
5.3009186
6.702732
1.253709
6.6389213
14.911996
2.7372074
3.847406
6.400835
6.3586597
8.559555
5.2757254
2.464378
5.08441
6.1009808
1.6178905
0.9748841
2.0893004
3.6397042
5.5090976
2.1842918
6.2135515
2.647376
7.4025774
4.5791445
2.886611
6.007032
7.17541
4.3134785
9.270291
5.216607
1.234415
3.0709457
4.0296326
1.9824958
3.5587933
4.4931636
7.8919716
6.2958612
6.188534
11.655742
4.843652
10.996535
1.7446462
12.945846
7.076156
6.0774164
1.2208251
19.249825
35.84157
3.5344877
2.9453292
23.64138
3.5686677
6.3436217
0.8518325
19.206953
7.0479674
9.881246
14.690434
1.2964458
2.1150198
0.22143131
12.75305
5.0017653
5.054295
1.7017275
5.895751
9.957338
0.3061445
9.526298
12.053312
0.9612012
19.250263
4.563918
2.0351508
10.981372
3.7075253
3.3498614
10.982788
14.730586
8.702985
15.71453
1.7226067
0.47159907
0.73452264
7.1341867
3.2656913
6.596961
20.402529
2.0172143
0.99925995
7.7638636
1.2485706
6.3899474
8.685661
5.443136
5.918632
20.86588
9.978846
3.7014928
15.486957
10.333923
1.1249391
7.2467666
0.30150166
9.723496
10.715235
5.6805997
3.2070215
1.764791
3.2312984
4.467061
14.31624
9.980859
0.63588417
1.066141
15.492277
8.433296
15.108858
3.799219
15.758415
1.0968096
1.3487755
10.117439
5.5960655
5.0636997
10.8239975
2.6640866
8.129291
20.524403
2.7971396
0.29342434
0.59780854
1.3116766
1.1475896
6.0762086
7.682005
11.080379
14.594833
2.6747844
12.776495
14.933674
4.800475
1.5206318
13.520323
5.533957
4.1573863
4.482861
6.8006067
9.816826
11.570091
0.56922686
1.4505824
3.4467123
1.5821192
2.7228715
2.927903
1.9258461
1.6704128
3.2289968
4.027162
6.4096184
17.92734
0.13246673
0.7376485
9.531406
5.0388193
5.545167
25.342772
1.5362946
14.206701
4.4024754
4.5883403
5.0919213
6.5851746
9.06881
6.9880056
12.875616
13.844066
4.461224
1.8075185
3.1549509
3.2559452
10.398972
0.39856997
14.046236
9.477165
14.049213
2.7674632
2.5446925
5.7747226
0.24510717
3.9552362
4.6918335
5.7073936
3.9594567
8.772571
12.843931
3.0020714
5.106155
8.037354
8.791132
11.647179
3.3521938
0.7939082
14.384689
5.2670746
6.9087815
5.234043
17.479332
14.551119
5.0312324
0.69451475
0.11864077
20.918627
14.205164
12.651132
26.177624
3.9419043
1.5929734
3.001399
11.882549
34.58062
5.968982
4.0790367
0.33381665
0.2829397
7.9376597
3.3126414
1.5072657
29.154251
3.4204996
18.09001
0.113939896
14.697708
5.860076
18.61071
22.15188
2.2047594
2.4239826
7.2466946
14.9496155
8.880895
3.0584989
2.273753
3.499663
19.329815
10.076635
7.432588
1.1777683
1.01227
14.188962
1.5294697
37.86992
30.433622
23.505482
2.1453755
0.85876244
1.6469858
4.759296
10.077025
4.3516498
15.267363
4.085924
27.667404
16.82378
4.55521
0.35771725
2.4767914
13.015155
4.100792
2.671103
2.6147685
1.9331595
10.222234
16.431982
0.59929806
2.4047568
0.6985392
10.886141
0.43876538
3.3288088
2.3616517
4.9063506
2.7799757
13.708624
4.201545
4.752334
2.3882437
5.8764815
5.9988604
5.2337775
4.698724
2.25517
2.7156427
2.713612
1.5241729
8.8631
1.7324879
4.005824
2.8050678
0.6761072
1.2110413
9.520497
5.7619314
2.1453412
8.795283
23.57026
4.5267324
4.0748916
23.468122
2.494673
13.144956
7.6352553
9.090854
4.3513618
2.8388777
3.7155821
4.636581
3.2779317
4.156901
21.729912
1.8701764
3.62394
19.307997
8.795879
3.715639
15.842884
6.4671273
7.3273783
16.56681
4.378994
4.847677
4.3855114
4.7132716
0.5603673
15.384119
4.2148805
14.110922
10.145965
7.4068694
0.743045
2.7481186
1.1727059
19.740019
3.8339348
1.2562568
11.636472
4.817876
3.662347
5.477038
6.9403877
11.689229
9.44095
6.7745314
44.029774
25.060322
13.310487
9.214947
0.9734627
0.89449614
19.24054
0.7972357
0.4174595
11.316977
1.8113353
6.4721494
8.670987
3.2309883
6.568367
0.2643257
0.46528342
1.100284
5.326877
3.601136
0.6497476
6.2883453
16.046345
3.1899934
20.490671
1.6113707
12.017183
2.8700235
0.051324796
1.8986235
0.40524992
18.907824
1.3412347
0.95885324
2.3019726
5.5413647
2.7316258
3.735719
1.3117795
0.56422055
5.775691
7.2355566
0.6450413
20.70122
23.7264
3.305525
20.119263
3.086713
6.1971116
0.55271125
7.2444515
40.38506
19.74809
9.375607
3.4905438
11.954701
0.56276256
5.3759227
4.330377
9.185828
16.723503
0.024229156
0.40287447
0.30146757
0.7401039
0.5411878
22.626326
5.3680663
10.970636
3.7144578
1.7413656
2.279866
12.478991
20.581066
10.904304
0.6456995
13.68492
20.529665
0.0117212925
0.82482654
5.829006
1.3131269
3.2314363
1.8788006
0.38604805
18.339546
7.450829
3.3406236
1.1504811
0.49339673
0.70779115
0.56412476
3.5595028
7.506512
0.9037546
11.264041
9.290421
2.056804
3.7784824
21.509628
21.054674
2.6277113
1.5434576
7.218002
1.3856
2.035591
3.7946901
4.877693
1.6564924
0.43467894
7.7077265
2.1193323
3.4224062
5.4844217
20.158428
6.1877165
20.911266
6.426853
0.3186505
1.0751312
3.519827
1.0118116
10.829734
1.4578483
0.49646723
15.607939
28.10672
4.563542
23.029413
6.1432114
21.08877
27.974453
13.428657
23.146765
16.616488
5.479918
13.335755
1.51896
3.9965026
24.606054
12.053903
7.8394585
7.479608
12.344103
3.8728187
12.753453
4.2292714
5.1698737
0.6170421
8.866393
4.6479187
2.6091025
0.90379375
3.187872
1.1962675
3.2678106
2.2629628
0.2310665
0.41778216
13.053456
0.967814
9.284034
2.0779285
0.9808632
4.8660083
15.709273
2.7664719
0.3420451
13.095894
12.208258
6.1256046
2.2971742
0.6761229
1.2630711
0.7822377
1.7768363
7.120933
0.44265392
1.7511176
1.4132068
27.505596
9.386123
1.4011667
2.614078
15.286749
5.8147173
11.304322
16.004827
13.866888
6.8292866
48.52804
2.2967618
2.06903
3.2461848
2.685633
0.38863784
0.34513152
4.564073
1.0468646
1.2027235
2.8428838
5.306183
21.138601
6.138263
1.523214
10.3136425
4.501961
2.5065413
2.4542613
5.5127177
5.508285
8.3616295
9.532085
5.5997167
3.0463457
1.5768952
19.955133
0.9316288
8.443979
5.650098
6.656174
5.9916525
3.181022
22.66455
1.4523215
0.43887866
0.8685393
2.123014
3.5259585
4.6724567
6.710351
10.586237
3.4622633
14.660659
1.3620819
2.2598975
6.2691913
2.5985813
9.7554865
4.9029913
3.8005612
9.075744
15.845158
3.1973064
8.701369
1.833158
0.6188333
4.1545324
1.1628798
2.9028764
0.75484765
3.2452526
3.9106462
17.096317
7.59583
11.78997
5.112181
22.519043
3.6025214
6.94725
15.212036
4.8437967
3.9551787
3.187176
4.807795
25.21538
4.2258854
23.058681
11.946572
18.4239
25.845764
3.8237674
2.0417802
7.8687325
9.817458
9.403986
7.5484414
19.139782
0.43525788
6.3699427
11.051676
0.09642982
1.052224
1.7760671
23.11915
26.50761
1.4535636
3.0638685
6.1509957
19.03669
0.7864053
8.073828
30.640863
4.6811576
9.812981
2.7767446
0.18082584
0.46179017
9.854163
5.6239004
10.764245
3.8812773
1.1525675
2.6533318
3.043436
21.027723
5.842871
1.8845541
27.50852
1.9360524
3.2785544
4.615606
10.042009
8.546045
1.1955693
0.51169014
1.2753445
1.8792742
0.9578802
0.7347696
0.5137854
0.9022999
9.446821
3.3101714
16.23555
9.440239
21.036095
3.0880995
3.8583627
16.051992
4.6851635
14.063889
1.8673625
1.3079815
9.957782
6.5288854
0.27389336
19.752245
5.931068
1.8289506
5.0523214
14.415096
1.0182116
6.263222
5.286684
1.2021412
1.0304258
51.970814
4.7560363
1.2331997
10.416784
20.96537
18.406147
7.425326
2.3927572
5.667232
3.3780448
2.1598682
18.164417
8.788407
14.529161
4.4541016
25.703463
6.860047
1.8135308
17.03088
19.55476
16.221024
2.2913473
1.748867
0.6752977
0.78440523
2.6270585
6.0525513
3.4232988
5.1532
1.3663133
2.4344513
1.2290261
11.944726
3.7033234
2.7304733
12.218424
2.4580998
2.9472637
5.057522
0.1575736
2.062046
3.0432584
2.5990963
1.1863141
5.0448155
7.002196
0.7983582
11.329902
7.3278985
20.370419
7.118142
0.69360507
0.64827245
7.368059
5.487233
6.1379704
11.156409
1.5522677
11.582923
2.5535939
8.729255
2.8831198
0.6364098
13.881472
5.53707
0.8497503
2.6499138
8.694634
1.4096448
5.6686597
4.6843877
15.058688
9.843211
7.1550193
8.800533
9.372344
3.8728993
4.145367
1.6309117
2.244049
0.44964212
0.41146293
1.2283101
8.912354
3.3605628
2.2785685
2.3677323
0.4548718
0.065287426
0.53267324
1.1645799
3.2942853
0.683329
0.111842066
14.424456
43.736626
2.2984102
1.3738915
3.6035657
10.092738
16.739784
26.508123
25.89705
9.846265
0.54198843
3.2173228
28.694704
5.0153913
8.071656
0.7426841
6.122467
3.0846698
7.8708887
18.106335
0.59407306
3.284204
2.076219
5.093861
5.241252
7.1324873
16.925188
7.4944353
8.701246
10.663048
40.908714
11.338156
5.2201653
9.114421
3.2226803
3.4282417
10.016349
6.328615
2.683342
2.953896
9.414153
2.360314
0.41569477
7.1388316
1.833129
9.020296
5.2553797
13.16646
2.1843925
9.405347
0.29978356
1.0567191
0.65083164
15.907816
9.689233
4.201961
1.0517747
4.6102195
10.084017
18.44977
6.0642056
7.9129186
11.568031
9.561767
4.5436044
15.226709
11.272334
1.8590714
0.41826278
1.6406866
1.6195542
6.178607
0.73698753
0.17249541
3.7093735
1.9701167
2.030954
0.46023127
1.1453527
7.005741
0.43417418
24.066608
8.321659
5.820294
4.320383
1.6878955
13.42406
16.182016
11.771275
3.883619
2.0741513
3.9105997
0.3853192
1.1543303
3.8964872
8.00219
4.0246534
17.150587
4.25422
9.165363
6.365754
4.695604
7.4148164
18.436785
0.70551735
17.55651
4.0201316
6.9266467
0.975201
3.537309
2.2196689
1.3703431
3.8280308
0.5786249
0.5701529
5.423646
3.398437
5.434757
21.49441
2.7554493
2.0688913
13.641296
10.862266
4.510889
7.9470897
0.27630764
10.726652
11.584072
17.80264
16.332977
29.312946
1.2093118
0.9808384
2.3593643
4.1456485
0.6403145
1.8826952
1.2299901
0.3566321
1.9606535
7.3088126
8.068608
2.8173356
10.765492
6.068276
12.537055
1.966037
1.4645163
1.0056946
0.515795
1.3737513
5.5942874
0.18286926
1.252114
1.4632933
3.5403519
4.402226
1.6448362
2.5202148
1.2760465
13.985075
4.080435
1.1034275
0.44019896
2.3532486
21.950293
0.33864203
0.2656842
0.19423306
0.43018985
1.1443446
18.301441
1.0872138
11.391046
7.2265897
5.5927095
6.8592653
25.882273
2.9781616
1.9665948
25.354782
22.013866
1.4272357
17.878414
4.277905
9.359673
24.670958
28.532396
15.72689
1.3014197
10.57006
5.894705
2.407428
2.818754
1.8246542
1.4117337
2.6526146
1.6837405
13.9705515
5.563307
7.9825015
8.662467
4.509839
10.15114
1.1858402
0.96430945
11.375138
3.3971834
1.5979207
2.9142017
8.670332
2.0873158
3.967895
7.0480485
1.4943451
12.639261
2.625074
22.638945
33.221157
3.874793
9.555321
12.113561
28.093124
3.311362
4.199435
33.013866
1.7046555
3.9167635
0.35630828
7.57784
0.99977255
4.183364
1.7592947
7.820672
9.482792
5.3536124
0.73186046
10.224373
28.120075
22.752586
4.5641804
11.162799
6.440136
10.383504
6.9858174
9.914811
12.189633
2.6138039
14.3593445
2.0691702
4.907322
2.7105725
1.394443
3.474519
0.29713205
22.650417
4.08848
6.3876038
13.031195
6.1871324
1.3874466
1.4703907
6.64056
20.172031
0.6018764
1.0321023
0.17426483
2.765219
18.16551
6.3047504
11.349623
14.364424
4.2218184
1.1737062
1.2390523
4.223266
1.6929628
0.7862572
11.495125
15.941304
0.44176874
7.7232294
14.169572
4.501663
5.469701
6.9023275
10.802717
5.6398435
0.6473187
6.7517815
7.78473
3.9193676
3.774864
0.59275883
1.17033
2.2987726
38.60158
8.9709
2.5505362
5.6931367
6.371315
34.05843
18.92957
7.285682
9.739872
0.8457132
7.640233
6.22479
9.818652
1.0364971
6.217329
2.3126035
1.6712707
4.871036
5.0208044
16.119734
5.071796
4.9429884
8.198643
7.715966
2.555684
3.3414288
8.160881
3.7079551
4.3651557
8.429662
0.022383207
6.062384
2.2730038
4.6011987
1.0775304
0.97864413
0.7807504
4.0898833
3.3420336
9.2852955
2.2342892
9.310293
28.162033
3.2386773
4.89847
13.479178
3.9112353
12.4042635
2.4570818
2.2511048
1.510151
4.2603626
2.7965229
4.085099
2.3301778
0.4047151
6.499133
4.2304206
16.460718
1.1350402
2.520726
7.8318725
0.44543254
2.465168
1.6840935
9.654654
13.575487
2.770869
8.755968
8.265406
41.958355
15.862679
3.915351
2.6473489
1.4815567
3.5465453
2.1100416
8.17316
4.080421
5.230735
2.8931699
2.259647
6.912989
4.382135
2.2856941
5.3670626
30.48545
9.818277
0.45820513
21.478642
16.082096
0.54422754
4.702356
9.914656
6.6699686
11.090029
2.155892
7.167783
2.5533352
3.040455
21.250807
14.819239
5.530719
7.4655704
4.1695337
14.854032
9.290964
0.057815507
0.42787415
1.394684
1.6581955
6.7172217
19.211527
2.0117784
4.0509753
1.2329406
0.7635381
0.9508217
1.0758625
7.7007422
0.740763
11.399493
14.881367
5.547659
8.757113
7.599931
0.8303951
7.997316
2.0007427
2.9621375
5.642832
2.1902719
11.825093
8.820235
10.059404
3.3311267
3.009482
10.733282
4.9044137
0.8007049
0.49888542
1.669648
7.2629404
3.8864493
0.8902223
2.2379978
19.336887
3.927391
7.9279313
3.3914173
4.0814204
2.0699582
10.450071
9.415257
2.1736336
1.2341568
8.562843
16.659359
0.34493646
1.1348641
0.9796682
2.5479336
14.88504
5.4335537
13.37833
11.014161
3.1812844
12.477374
0.1753091
5.349348
8.380426
1.2956624
9.782816
7.748521
2.5505803
5.6078706
8.088253
3.0717695
13.07122
1.5778365
5.4583426
1.4812427
0.9227363
0.40631372
14.851506
3.5648258
5.3425937
2.5285797
2.620038
7.6679044
2.4277518
3.5437157
2.7704022
3.300593
6.0144863
8.680758
7.6813183
0.37861574
0.79815674
1.7981107
9.280953
3.856466
18.139406
2.2489674
8.618454
2.2799113
4.9398847
16.441273
17.708134
15.113046
15.37849
17.107897
17.299946
1.9680911
1.7710662
3.7972848
11.740805
1.0344247
18.365986
1.1180294
0.22015503
0.8700641
5.201834
5.7018847
15.627028
33.49039
3.5616586
8.360949
5.192483
0.36119196
0.39883554
7.3278575
6.086893
11.874798
0.107889995
10.880096
13.16682
3.6198373
0.3106126
0.66219306
1.5516547
10.387856
9.038982
3.0589464
36.64316
15.470173
6.806959
10.640816
5.4264255
0.82349837
1.1723431
1.1062511
0.89876413
6.4125977
19.642286
0.37872547
6.5019193
6.730363
5.284357
1.1987559
6.013015
3.0244186
13.74881
16.298489
12.096685
6.471947
6.7061315
3.8025885
5.1484404
16.889498
30.343334
6.2274923
3.2013721
19.016367
11.89909
16.961708
5.1519365
2.6656945
18.622961
15.801085
4.825379
41.608345
13.599105
9.539287
1.4529035
2.4377172
7.640745
7.0557547
7.4867053
3.6856341
1.50137
5.0396056
4.3783226
1.7199638
5.920606
4.6491275
1.6612856
6.3987474
0.08738817
0.31596074
0.23943427
3.9919763
3.1114593
26.419323
2.8409674
14.254867
14.029308
8.002289
0.8127762
1.5024651
9.288644
7.088161
1.0556643
6.9790277
4.4679317
1.1802343
10.739626
5.452564
11.212146
17.418152
6.5795846
5.9298153
28.64254
2.0858903
2.8446014
3.4461029
7.1068087
1.7027822
31.434546
2.7521698
18.298233
35.69624
3.0595558
1.2123684
7.553246
12.451107
30.40771
15.126418
5.617815
14.94623
15.996429
10.898298
16.926014
11.914968
4.3997893
7.0091753
8.09126
27.089294
2.5054524
5.488055
9.828391
9.330705
2.516504
6.2659073
2.674257
1.6105783
12.080178
10.176214
4.658611
21.466398
12.950442
1.7346064
1.9752933
11.8814535
6.053818
1.2843314
22.755291
4.900403
4.7531238
4.3242426
1.0813596
2.0547755
0.8136761
8.231268
3.4895976
4.684712
17.030762
11.239929
0.35560215
1.6288382
0.6830004
7.483649
13.623675
4.0277996
19.89381
2.6472514
9.071588
19.140665
6.078791
7.1911283
4.4676747
5.488305
8.750939
13.419711
14.435069
10.875092
9.801581
3.955699
4.954696
7.6024256
3.3247247
3.0082622
19.430042
21.303165
19.166588
11.918914
0.73596674
3.160152
1.2823718
2.7551417
0.086492285
1.1271131
20.500319
20.467186
0.22619137
0.44831198
0.9707433
0.9703637
1.2806101
4.604743
1.4823847
1.8463316
14.843992
5.1209993
3.2025385
6.5279427
1.948515
7.8612356
10.36626
31.570784
9.896455
3.0108244
10.355604
11.614534
17.9381
5.445323
6.7273684
5.037687
5.512247
8.884192
4.855406
13.313163
5.3623857
11.373536
2.184938
16.620186
22.515276
11.858362
20.077005
2.3343267
1.4616787
1.8397778
15.611326
2.87834
11.638357
7.0169587
7.023935
0.777171
10.89506
26.88332
7.911063
13.277783
3.984898
29.235027
29.31204
8.152942
37.83059
1.1831142
0.9876638
1.2685668
6.685195
17.423878
9.334429
13.023016
1.8273516
8.540496
4.516999
9.440716
16.911602
4.287997
23.102562
28.005796
2.2923748
18.81525
10.023729
3.9285486
0.31674314
1.2999465
27.466263
28.21157
6.938248
39.28308
1.922521
2.4171546
16.927448
11.147132
6.542346
18.071735
3.269864
2.8363197
2.2792404
1.5034498
4.3830514
0.8132772
1.4877723
0.9151315
1.3461975
2.7377262
4.495881
2.9806697
9.022243
4.926688
0.99167675
4.4555645
13.391045
3.329117
6.2593594
8.326948
18.973204
8.181073
9.859393
6.8119054
21.11918
10.821652
10.077577
3.7544596
4.1806817
8.845531
12.554952
14.089907
1.133504
2.1665683
2.0042472
32.906013
6.4708834
1.4254727
2.355508
2.0432413
5.9095426
9.321537
16.540754
6.9106054
1.0396013
0.58649665
0.23694861
17.504349
3.012921
2.7365696
3.0902634
11.255416
21.98139
1.6670879
1.8239032
0.2576187
0.16624367
6.9181466
2.4461162
6.492063
24.278004
4.543915
12.70794
0.3767407
17.521746
6.978759
11.086403
2.3297079
21.546614
5.6781363
16.237783
0.9003519
6.8128524
18.306017
8.540325
2.6227908
16.923052
1.3408945
6.9185853
6.7280364
18.492065
4.584869
1.9926589
5.384444
6.357663
2.4279156
0.6914284
3.247786
0.7495557
4.025109
4.5224757
21.557932
6.6407185
7.9570503
4.59135
0.24980004
25.210041
1.6161638
10.682286
2.5562131
4.819407
5.412052
9.47249
29.858803
15.336324
4.599888
3.3312027
3.5979145
7.821983
3.9942558
6.3037004
10.950371
5.7987103
13.482303
0.82932705
1.135795
5.7623644
10.656085
7.6787844
3.6072242
1.7698177
0.64840996
11.753447
5.0858674
19.803375
5.228006
3.6486173
15.922792
7.502043
6.5084047
9.738548
4.2986994
34.220493
4.0736127
0.70855105
0.8993712
8.433044
1.0105457
3.5374115
0.25404167
0.38563746
1.8594829
2.4755077
6.533763
7.3804965
10.901358
2.162434
4.7970395
3.1970181
22.565348
5.610113
2.9989212
9.843344
4.0749454
3.405684
2.8578923
16.766994
14.304252
0.49116245
3.402539
4.1943264
2.29723
0.7488569
17.007408
12.790528
4.0894203
7.5643864
1.359208
13.849711
2.7087595
14.176745
3.8688378
44.219456
8.635167
1.4488373
19.692104
3.04318
10.876982
24.570023
3.939585
2.2535021
0.57660484
2.3498037
8.3287735
8.758693
3.6758785
14.7243395
8.314961
0.38882253
5.201678
2.3899722
10.436092
2.7624884
3.4344926
3.9957335
0.52058285
0.44964752
7.6477056
15.050491
13.1981735
3.2954757
11.910058
3.7461748
0.4627378
2.3007476
0.8092968
6.1076603
0.46348512
0.1922601
0.21975386
0.24706417
6.336523
1.5774906
9.240335
5.1718483
17.84429
6.3906016
5.644129
3.572078
14.840838
6.2825427
5.7524424
7.1801424
9.154074
7.0175176
4.188991
1.8925562
0.85054165
0.52353287
0.77421623
1.0872871
6.823462
3.8680809
1.0161136
2.6582088
22.28037
14.37521
1.2155573
10.042891
31.322727
1.6558406
3.2942321
10.540783
17.640858
4.658083
11.600466
2.5894415
4.5774946
17.01915
3.015372
1.1596102
2.6106012
6.3556724
2.288565
3.3694856
0.34431523
1.8881916
0.5264699
0.5118081
6.6686683
7.610886
3.454908
4.752428
1.6548384
9.699854
13.038392
6.3194723
30.109213
3.029534
1.4683899
13.425671
20.48047
14.730659
0.4716455
3.850789
16.57534
2.5118506
2.6690035
6.8811293
3.7315624
48.99016
3.7651916
9.22299
16.058008
5.6692657
7.195409
13.96223
2.4732063
30.692507
5.662843
5.9075136
14.156251
16.134577
1.1474668
11.896159
2.6198819
2.6984365
19.835255
3.6044185
24.963022
6.9267936
13.277444
4.8899603
4.0406585
1.8170041
7.616455
5.949824
6.990429
1.8466374
0.8067514
13.268155
1.3214399
4.6842947
3.6807044
0.16090965
9.256007
4.43362
7.01484
27.368021
5.02156
6.3779225
3.1045282
15.876363
7.984696
9.771782
4.3393316
6.8039365
3.7937446
1.5694922
0.2504995
4.4518194
7.567773
2.4545467
2.7742136
5.3509655
0.17433919
8.458196
5.6634026
7.2483497
7.8292875
29.707842
0.36770046
0.8658079
8.347251
4.046063
2.2372339
4.111178
8.09049
1.2780571
2.121174
2.2561326
4.514636
1.4235967
1.2001163
6.3339176
24.160168
21.343967
9.926312
6.2188244
1.4695206
2.3953938
8.981118
9.058401
1.8199768
3.6686106
4.0724077
31.465794
12.306737
16.641062
4.183079
21.790695
8.938027
14.906733
10.447093
10.587678
3.683954
4.2805066
2.2849681
0.68794453
0.9795017
6.3710093
0.7805638
12.497222
6.896325
0.4378045
5.0119233
0.7882667
15.217449
0.69067013
16.327995
5.371439
20.600561
24.669254
2.6853213
14.755262
3.9233305
3.3889127
4.289859
3.079058
4.097451
11.161717
14.372001
4.3775034
2.1911707
1.5784733
0.7593492
47.14722
2.556715
7.8428106
2.450843
5.22554
3.549572
3.4807658
1.6821431
17.660088
15.827761
10.515241
0.37250984
2.1911173
12.610412
10.288503
17.26022
6.751751
3.389344
11.811109
32.13995
4.018911
6.121926
1.1344243
2.9395437
2.027091
7.068174
4.3016915
6.0922933
3.79696
17.217285
3.3298917
0.25897458
15.152667
8.881433
1.2681757
1.6766403
5.8725452
5.599455
2.1757488
4.805147
7.0738983
5.7365956
2.8205762
0.75560766
10.750878
4.2119064
11.112988
3.9818034
17.932074
4.2486944
3.2215872
28.521887
6.672946
10.52783
11.234096
15.484025
1.2848102
1.1299694
8.011241
13.557661
10.09547
6.711035
7.114134
0.5634895
8.40566
1.878004
15.952966
4.7345877
13.080063
0.95197254
3.0413587
10.013111
4.0768123
4.6621814
0.6797102
0.60584503
4.2504683
5.2495995
17.272776
2.715382
8.497837
14.545748
1.0155772
1.2565417
14.444984
9.070721
4.7294407
7.5653977
6.914692
18.531467
5.7110577
0.6941875
24.045954
2.5511305
2.393314
10.799845
0.09273916
0.11516744
0.8107492
1.0002747
0.14545523
6.4061704
18.205057
4.273653
6.7089567
5.531153
0.57200825
0.23381205
0.22746494
0.52580076
0.45183203
0.43403935
12.396061
2.8367157
23.37365
28.401606
6.929274
4.0988703
8.286082
0.61020535
1.9970362
2.6350558
1.4371717
0.4831068
3.9765549
5.5077457
9.892443
6.183961
12.878474
6.673191
4.7970805
0.79402465
2.3306935
2.0109265
0.12779544
4.2916145
2.026852
4.610092
7.9221387
16.868397
41.962933
4.291395
33.25228
1.6051409
3.399868
4.0215034
4.256306
2.4370868
12.905543
6.4440145
1.098371
7.837095
1.84197
3.72245
2.4762723
7.295079
1.9409314
6.1821103
0.031616345
0.64763784
0.46109554
1.1231984
2.3662107
11.310111
2.3336136
0.6117916
0.8462759
2.4593248
6.69404
1.3680677
1.2461317
0.4414022
11.879669
0.6195626
0.92563045
9.940356
17.324997
6.2539687
4.79215
1.1104633
18.490133
2.4797556
12.515599
3.4582455
0.36925942
3.9352465
2.4566498
9.6586075
9.894695
2.880946
12.965182
0.46002713
0.88056207
0.44719875
0.61273193
2.798999
12.580892
10.626163
0.29862595
0.7063215
3.4920266
19.477642
0.27662194
3.041082
4.0324874
5.593016
0.11276718
3.81078
6.131018
4.9050965
10.69424
1.1462203
1.9244206
2.0295966
8.029821
5.368272
2.3429797
3.911213
2.1942134
2.61642
0.25390348
0.6644257
7.15395
1.8651595
9.689196
1.5145541
17.298235
3.1173434
0.7008057
22.509487
4.343314
0.8090155
0.7892591
14.114198
8.214577
5.5501266
1.365914
14.332042
7.2647367
9.553015
1.9584544
1.7869858
1.1641678
16.027176
1.4649756
8.735238
3.5528896
0.174225
0.8488688
13.152059
0.882532
3.777224
5.388131
23.367651
2.141643
2.8003778
0.75162935
4.311367
6.0557303
1.9075735
0.02593416
0.32790056
0.7481941
12.488582
1.8537588
3.7992406
0.5445275
1.6653739
5.5244665
2.515463
0.30175078
2.7749481
3.140293
8.493435
2.4891026
0.6580485
0.15859611
2.440943
16.016773
36.70884
7.5164676
5.563903
0.43043378
7.8998075
11.758368
24.388094
29.377985
13.946966
12.311807
4.207358
1.5723255
16.467293
17.012468
5.517393
3.841954
10.737825
23.243113
0.10135325
14.45592
0.083283275
0.28929642
0.2627627
0.52161974
0.686504
10.488946
4.2786407
9.730387
7.4513927
10.734259
1.766625
0.68371654
1.4465367
9.4812765
11.74278
0.71898925
4.8332415
11.302977
7.903253
25.640173
4.914095
1.7074865
22.332283
4.3185825
7.9746485
23.896605
2.1386383
11.44816
13.926859
0.49318284
6.5561113
14.819726
2.3779209
14.338779
2.4175887
4.1834626
2.4292495
1.6753476
1.8114681
2.1836016
1.358524
19.138649
23.069405
4.7426577
1.813866
4.926809
1.4596725
2.330231
23.761047
11.403551
4.8062115
5.6211905
2.790139
2.3490171
2.7985666
4.8072867
5.640792
16.464235
18.0058
0.388709
7.9189463
13.309007
2.8466716
4.8050823
9.481659
0.73647326
2.552452
6.670911
1.1560843
4.2547164
0.6898106
16.660688
0.93905187
11.540243
17.734325
5.2691107
17.745657
1.5862768
12.022709
5.337765
18.234688
12.464969
0.36289865
0.8215039
1.0298926
0.9439845
1.557826
8.293732
2.6004426
6.541526
9.807256
6.270214
3.6348639
34.369087
1.1129059
14.373032
5.3846946
4.804586
3.2877772
11.6854925
5.4172482
8.416481
1.5706588
2.546254
1.9773093
4.168742
8.644507
5.7640734
9.271847
10.975406
7.7792525
5.4294558
9.339807
4.769316
2.405479
4.5961623
2.1622941
6.682874
3.7790108
0.8268842
1.6620593
3.731847
16.029985
1.821207
10.349246
6.5980315
1.0868139
0.35407606
1.0814283
0.69456846
1.0458305
1.9737668
0.16261655
1.3329574
1.5187248
0.3965086
8.774191
19.11253
13.767738
0.77994174
11.90173
5.564911
2.9463038
0.7606574
4.5346766
1.7215892
2.105041
4.265411
2.3713431
0.33565426
0.3956763
0.7071347
0.09973175
3.3571105
16.031815
10.705545
1.0394912
1.4922341
1.0830153
1.1435108
10.38514
5.5072346
11.881008
0.39785904
24.750793
11.620778
1.2172371
0.70016116
1.5172476
7.8312116
7.780101
0.5102008
6.862268
8.0706005
5.785698
2.1187735
0.7252842
1.6984359
2.135719
2.3912811
1.047112
16.697948
5.2038746
6.260503
6.1463604
7.1182485
24.066017
9.042489
8.873601
7.265984
37.58063
10.635491
3.607673
7.702149
8.408482
4.5130167
7.4663286
17.922983
10.692124
4.1359453
3.0983806
0.2541487
2.0594268
9.591069
21.269005
3.7810504
5.135454
0.44100052
14.457665
4.011437
3.667919
0.70392597
14.325345
1.7579933
0.89765275
2.62276
4.1225004
15.475087
0.17726997
6.7118726
3.4505377
10.93743
12.683491
11.471242
9.170383
7.553916
4.9284377
4.449392
11.683439
1.0463419
20.457098
8.958242
8.795042
7.191491
5.175107
25.525005
13.673518
39.247417
0.94844306
3.655398
6.364541
2.7715948
1.0286175
5.34173
17.998133
25.95275
0.26721552
13.525361
9.88001
4.5014753
41.754696
0.94096494
0.44008842
2.2688034
7.9583263
2.9632914
0.7563417
3.5016959
3.3572962
2.023671
4.59834
4.0301595
0.44378084
0.34859246
1.2338517
5.618859
1.4814247
2.0647635
4.3524213
0.025471266
8.710905
1.8735892
0.39631253
14.916121
17.088614
10.141006
2.1191862
10.756544
3.402108
8.040954
3.7700713
1.5201513
6.20918
6.4158216
14.176925
1.8830516
17.800932
0.53968626
1.9970732
7.2061095
13.039981
1.8402946
1.9520624
3.5013354
2.2691176
2.3342385
26.752459
2.6683044
1.1784289
2.1380546
11.41551
3.139238
3.189248
1.9839023
0.6672295
0.42528945
0.24159634
0.26466522
0.24630012
13.9170885
2.9737659
20.279173
2.5425851
5.6725187
10.6778145
10.278939
3.8583014
6.335587
15.711377
3.4109414
4.9614367
13.505959
0.7455758
3.2809606
19.80647
4.4094872
10.854634
10.83137
8.507707
0.9530189
1.5029832
0.30805704
1.4004806
0.9723287
0.41113913
0.16540852
0.8401479
0.49343598
1.2309719
5.14595
7.1667967
5.554529
13.137658
14.672494
1.3515779
1.6890864
0.33472976
9.494733
5.98401
1.3114994
4.259408
7.8038845
1.3853983
10.756991
1.743603
4.3509
6.201742
3.2501764
22.338957
15.694862
0.46586424
11.070737
24.170961
11.262298
0.5377762
1.5690911
11.673315
18.807713
1.8657573
7.910196
1.2481048
5.153181
3.691639
2.3661685
1.4423466
12.756752
9.595187
6.9007316
2.5882924
6.110592
38.900127
15.39355
17.979744
2.1329923
3.1712155
19.095469
6.722517
1.920535
2.4125845
4.3852057
2.4481163
24.790508
21.182884
5.130573
4.2524996
2.211555
1.4526911
18.231266
2.224993
15.535096
5.58556
12.860999
5.423348
16.477816
5.4464335
1.3480495
15.455335
8.68941
18.80805
4.83658
6.7853403
9.390839
2.8031647
0.6035898
9.295913
4.225916
8.209422
2.5369432
21.672935
18.018513
6.9662056
22.696796
7.108043
7.6220613
10.206269
15.742381
0.02230693
6.0833173
6.58973
6.5007463
1.4730216
1.7860814
1.544439
12.70653
15.825606
5.7965016
15.390095
2.4711
0.76533365
18.071074
7.488261
2.7602434
16.953814
2.3466728
1.0038928
12.211754
1.4471753
3.2853875
0.9161997
17.159853
17.41058
2.0107622
3.666571
4.0476513
5.102489
3.0009644
0.5239014
4.0772247
3.1332538
7.5657754
31.624352
12.120943
9.201301
0.1439125
2.0329826
19.86311
1.8076844
0.6646544
0.84438777
9.862798
3.1530588
3.2247643
18.3073
2.6822405
5.2725415
1.7663287
7.356719
14.6974535
2.8006573
33.611515
3.200379
1.6502991
3.5689507
10.807842
11.458982
4.3408856
14.516815
2.338606
11.601443
2.102115
8.4670105
8.994958
4.8641777
8.151059
1.167889
1.3994333
5.838876
2.2342362
4.600801
23.760336
6.0427294
17.12984
9.9264345
4.8160453
5.4545045
6.5237246
9.579147
6.52881
3.6270652
25.428076
7.1884027
8.413197
5.611936
1.8439689
2.487583
1.1520095
8.048985
4.5932465
4.860574
5.868447
4.0985565
13.403289
5.0989923
3.39743
6.555611
4.1359673
7.611362
5.931802
20.831705
3.930527
3.1850936
6.6037464
3.010619
1.7739857
5.057728
7.938971
6.6047482
8.217402
12.071402
2.2900112
0.58611935
8.674255
22.53378
12.626825
42.562305
22.612476
15.108194
4.396321
7.296453
1.606035
3.280405
5.090963
6.0018506
4.0738664
0.56922144
0.27429807
0.17097595
2.9380221
5.612312
0.04028414
0.478347
20.839304
9.303576
18.371609
0.67994225
0.45280096
2.2086132
0.5604696
0.30674332
2.4446492
12.212199
2.0724642
2.451569
1.1123191
20.403582
2.2624245
0.8836676
4.462417
0.32411346
2.7809484
0.037992194
3.457995
2.3571749
5.9003606
14.461123
34.06451
9.044098
28.02837
15.859546
7.604354
8.206771
6.13003
2.892388
4.059732
12.627389
1.8225853
1.6046199
10.692138
13.656459
3.2212358
8.863905
5.9442344
33.04163
5.612115
27.336306
25.9022
3.3024142
5.663813
0.3723565
3.3572946
3.0053692
7.3195696
5.9476776
6.2416277
23.437155
2.2521832
4.7856817
11.205605
0.4576619
20.567968
9.759305
8.368462
6.619298
11.259387
2.1694918
0.5412109
13.586512
1.1124064
6.664128
0.4549424
1.8683605
4.0418797
25.70982
2.1270244
3.9604151
0.039724845
0.5301377
1.3216506
3.2670813
3.8725603
27.310766
8.355628
20.758198
12.229476
9.34775
6.25546
19.664621
34.052315
6.226769
12.338863
0.80641437
3.2743454
0.5913365
3.0870695
11.1994
29.120956
0.5752394
17.51908
1.5093343
6.5679755
2.9851875
1.9407504
11.43807
5.0611625
3.8463635
28.149446
22.392096
45.440258
2.1064982
3.4672267
0.6062753
16.587818
3.2075725
0.7854107
11.76756
8.871925
17.392998
4.5050654
13.866377
9.980278
4.539632
5.252588
1.2478789
21.019972
1.6977222
7.41949
11.536296
2.7312982
11.62877
2.05775
2.8289285
0.11182024
15.806528
7.075217
19.795488
9.563526
5.6567545
15.217295
8.38603
6.8239746
0.26411453
0.7070111
0.77300745
9.995785
9.604103
16.691164
5.267784
4.104776
26.213846
20.278973
2.6900163
8.028369
2.4737592
4.983303
2.6585612
3.81515
4.6078396
2.1057374
0.68539476
12.64156
0.36296368
4.068722
5.680147
0.46319175
8.549273
7.674812
7.1599436
6.929288
1.4912521
12.161588
13.473666
0.27573845
0.029185802
0.8548472
12.49929
3.5269768
10.168779
6.877182
6.7192883
8.946755
2.6623492
3.2348437
17.324501
2.1988335
16.539045
1.2008736
2.1587265
7.8865876
5.008003
9.1206045
7.880201
4.243412
1.4777179
28.819168
12.267279
2.1646755
16.669605
2.3413174
2.4408677
6.419466
23.13965
3.7466812
3.4201434
3.266494
5.737728
2.5544612
0.67537856
19.386282
0.01242923
0.4767413
0.6939333
27.730154
20.97376
4.3929825
2.35393
2.3548057
1.3767463
2.0763204
1.8393312
0.9306773
3.652729
7.4546843
4.5022526
0.06980445
12.649067
5.429821
9.001743
5.085414
0.45945838
8.647663
0.6723713
5.2185187
11.101583
4.2220616
2.2919536
4.9055257
5.4761653
12.290341
4.5252786
7.229967
8.820493
7.9482603
10.623459
13.092256
3.351964
0.29960424
0.6456387
30.717281
2.1057148
8.123433
17.3119
0.36438292
4.615217
6.588087
5.193519
1.6617333
8.481444
3.7712936
12.602825
0.7978205
8.705579
1.1828146
3.2955039
2.0889778
23.619076
17.764881
14.533004
3.2789588
5.573082
8.978463
15.921435
6.861282
12.067942
0.79281086
16.42916
7.6630626
2.489716
4.806135
26.388021
0.37121361
13.584318
0.43053734
0.35003725
0.8464425
1.0296541
7.7167573
3.5062704
10.69772
18.960154
0.46199226
0.24861202
6.0125885
14.67282
5.535127
2.5920377
9.311946
1.898095
14.881841
1.5391787
16.057598
5.5766177
8.431626
11.202985
2.3954835
1.2330525
0.9061887
7.3077393
6.7672977
9.221019
8.133406
29.38485
1.2974333
17.272058
4.036218
4.500756
17.437246
9.775438
0.9506339
12.882403
5.511837
5.888946
16.613317
3.0677571
1.318775
8.165773
2.498646
5.9357896
0.38575643
5.210156
2.06668
7.5097685
0.035240848
6.267656
0.7335589
5.964797
3.9429123
4.1125917
4.2831736
5.3162475
4.856688
45.645233
4.064225
1.1909367
2.4965317
20.031612
16.209564
1.8372196
2.9719396
0.89215684
15.322097
1.9971497
5.428008
3.9939005
0.3613928
3.7742822
5.0001783
20.200676
4.8791595
9.621946
3.3083575
4.36769
8.279766
14.937035
2.1659937
6.297982
2.9354753
20.073095
10.762497
1.495416
0.30004585
1.4760364
3.356823
15.054013
4.544027
3.7815957
10.327509
7.5123734
0.7421954
2.2911165
8.712247
0.8445554
2.0681183
3.607974
8.0107975
34.304527
3.3818305
1.8372511
3.6942089
0.08496896
0.5524782
4.9339256
5.040824
8.376474
4.0126677
11.185413
1.4575557
6.1003685
6.1460333
25.50882
4.0596747
2.4486616
6.6747494
7.698354
6.211671
3.3261087
0.6050476
10.884834
4.216152
0.9325508
4.0369573
8.124239
1.9182878
1.0524578
4.650433
2.5363562
4.049917
1.7899638
8.177076
0.59622884
15.68143
2.4189239
0.54153496
2.4060807
3.6242313
8.28481
17.17983
4.1875105
4.0833735
0.6775609
11.422079
6.2816987
4.1678953
33.172623
7.7988343
0.40699682
12.3637
6.3960066
14.443554
4.193048
12.3414545
6.8189654
3.6333704
7.6490684
4.8350043
3.016172
2.1419537
35.07344
1.8466626
15.079129
6.8001657
3.4654748
1.0197937
28.389875
8.238354
12.486008
17.82808
1.2935404
12.399739
3.98596
6.133599
4.984057
4.3086104
5.3537107
9.242515
9.877706
14.680598
6.662846
24.288548
4.4937024
4.167427
9.430559
12.449113
8.711706
3.8704612
4.3917127
4.405086
0.5025211
0.4666407
0.8014441
7.182048
0.11348007
4.3971806
0.999792
2.2996256
7.582547
5.58833
4.5102625
2.570665
5.447187
1.696249
4.2031326
4.7214913
24.565674
4.685087
14.695068
13.790128
20.818157
1.7906606
7.743301
5.5352354
29.156055
12.227245
4.6276526
9.371339
4.832533
0.5373231
7.437836
0.73265517
10.90642
16.320757
10.893777
0.3794123
1.3168774
0.9822141
3.8440528
0.4106958
7.551125
3.1918485
7.0302
1.468126
10.6371
2.6694214
7.6675053
3.646911
5.4030514
3.4994538
15.800861
10.507216
0.12620386
0.62560344
24.59036
4.731872
4.2576146
9.408451
2.515645
10.761521
0.71410465
6.943497
2.6320548
20.828672
9.776092
1.5908626
3.5703554
6.774589
6.786185
10.261184
8.174549
1.029815
2.837119
12.85208
3.1685596
14.096674
8.04656
1.9590234
3.7564485
9.734631
0.48584545
2.960214
7.8961234
3.3628259
1.8805869
3.1998034
6.7987437
1.5276752
3.7598505
10.234328
2.8009043
0.5265585
3.4834938
1.6296022
7.178856
4.270999
4.3478875
1.9153316
0.84351885
6.4363465
19.717678
2.7024333
2.7334168
2.2024534
2.7718744
10.59456
4.002443
8.418952
12.213333
13.493863
16.864756
1.7592584
0.7138466
0.48448825
34.083813
1.7682796
2.4228551
0.9775966
4.2682467
3.2652647
0.5781381
1.6120297
22.559238
2.9961839
10.048186
6.3059506
0.9006218
1.3319575
0.75008553
0.5751554
14.750367
26.862438
17.994205
8.847906
10.019671
2.0531127
2.5339296
6.453838
14.257145
8.029792
7.6849914
2.8798304
7.417357
7.5017214
1.6323148
1.5702828
1.0098317
14.796978
9.821736
6.7511964
0.74980307
2.7673352
3.6395512
1.2687577
22.625772
2.3113499
3.114641
3.6123104
2.3636987
3.9570336
2.916749
6.988328
0.5110314
1.7407569
4.186273
8.246847
0.20488003
3.7333617
0.5748133
0.44314963
1.0901293
1.728604
13.845162
2.4707448
1.518791
0.40201044
0.32688096
2.0829568
11.521666
13.619931
18.297308
9.858304
13.501657
1.642949
4.5949802
3.3793204
9.521114
1.2045382
3.9239655
3.0237563
2.9431727
20.095003
9.5166645
11.889479
24.638927
7.429121
7.897926
10.337714
10.665011
9.898412
3.2383928
2.6215367
3.0820408
0.8242744
8.978096
10.338531
11.670076
17.947235
19.495575
6.7082787
56.52769
5.423841
2.6941192
2.225022
11.534595
0.7254328
0.43803185
0.63959783
0.63508236
5.7249703
10.068104
21.393034
6.9745097
2.7383766
4.321701
17.73252
3.852573
0.45779717
3.4176493
2.1909895
1.1200387
2.050521
16.273996
30.50196
6.0963397
7.6954956
0.6752583
1.417762
5.225285
3.1373107
7.662685
6.1313252
1.1043694
11.9179945
5.904951
47.4773
1.3472902
11.193743
3.7224028
4.096891
13.217085
6.243725
13.5512495
1.3197883
14.098099
3.850343
2.0670023
9.340307
10.405491
5.6076303
0.3003935
10.62452
41.237938
5.2046065
0.5342152
0.987219
17.256721
5.5829325
0.1783457
1.9480937
1.9159012
0.75178623
1.4302322
7.4324937
2.2780375
4.6061893
7.4871225
15.1856
20.127626
0.83506423
5.550436
11.999345
13.120496
3.0882778
12.331837
2.5708768
22.426798
4.1218443
5.9822035
7.3642697
4.053715
1.5292819
11.839915
7.655625
34.51483
25.349966
3.5632489
22.28244
9.815658
12.241323
6.5378976
10.497302
4.201518
5.0511117
2.2997577
3.4461915
8.621623
1.2503012
2.6990066
1.3920898
13.546796
0.90872705
4.2202106
2.6071403
9.190978
9.797487
4.1988435
0.26446933
0.5636501
2.092903
3.02892
3.7413402
5.2319202
25.609257
23.386438
27.217243
27.14
8.97479
1.5663029
2.627242
4.2407355
10.930555
9.207964
0.36909875
4.229404
0.19154978
1.089551
4.768438
16.9735
12.359444
4.83153
1.1821315
3.70807
4.1720924
2.036261
1.7104174
3.7482882
4.6286016
7.0744133
4.3336377
5.447003
3.182515
8.804574
0.33912098
0.2899032
17.574896
1.1605959
5.6697235
0.53837115
2.0474632
2.434402
3.1341996
19.00743
23.878387
5.633996
0.45651975
4.125053
2.411743
4.888982
2.2659066
2.7599652
3.1350472
4.6597586
12.722578
2.9725163
3.9696152
1.7269101
12.02392
18.526478
10.321302
21.5051
4.9084015
29.959583
28.853313
20.175451
0.0072624395
7.256041
7.3515477
4.975371
2.0471458
3.2159622
16.300388
9.099204
1.901323
2.3582387
13.426883
9.353232
6.808913
1.4484509
1.6887525
1.9202965
5.8129315
4.1990147
12.560686
3.7898045
1.4161606
7.570875
9.435415
27.362556
18.234844
3.4153254
1.948639
2.6118867
2.9273114
4.271133
6.033742
3.027996
6.3676076
6.4092503
3.0983903
1.6266116
1.5217372
2.3912835
1.5844579
1.8758162
8.749304
11.716296
0.7665263
18.677073
1.7150528
7.8733025
8.468479
2.7464323
5.378506
15.949641
4.8229465
7.2206793
25.422634
2.4544952
4.4934263
11.315391
15.146491
16.15927
17.951546
0.61492676
0.6201105
0.29660696
0.6398777
0.10322625
0.47787166
0.43225014
0.6234372
1.0069469
0.79313356
24.943687
5.4024725
9.703132
0.41545275
19.827295
20.32939
4.229285
2.756543
6.815915
4.6627083
5.0010304
1.8200816
2.0686145
0.63260895
8.585247
3.3698075
1.6147406
1.8710785
1.5606434
0.6166954
3.9724312
14.003721
5.560785
8.827561
2.071662
6.818008
3.8295121
3.8652852
2.1037815
3.3722835
3.927913
1.1127409
4.688973
3.0467534
29.1273
5.4121294
8.745699
12.234302
2.0549622
6.5263653
14.932078
3.250552
1.7874507
5.684187
4.342167
3.4334564
1.0126919
3.230891
1.9815235
25.786188
3.0740938
3.173521
18.55735
16.354435
7.521627
4.6608515
1.0465765
18.104412
2.8847942
4.778576
6.664511
9.444068
2.3158438
1.0516346
7.3965545
3.2652488
14.207574
10.318624
9.052847
1.4858961
4.5387015
31.872519
1.4144406
20.424421
4.6258726
6.68163
1.9744707
2.7972255
0.75561947
2.1362417
4.4544697
9.719271
0.56720895
1.8681492
10.302598
5.995776
10.596216
1.3824105
2.31029
0.5667627
4.2918453
19.066872
2.690758
11.495484
1.5770533
26.976326
2.5891516
10.8977785
1.9571927
1.1516353
8.28045
3.602602
2.617483
2.8509657
5.83751
1.5396649
5.458304
14.215099
17.697582
1.953063
5.9580364
0.8633023
4.5826697
16.749483
2.9845967
19.685617
7.441852
1.0316217
6.350291
12.58787
6.0657735
4.4283447
1.3308716
0.16822758
2.217843
7.7599583
5.352162
44.32496
5.0126843
5.5220222
24.149508
6.5505795
5.459801
5.373402
4.4374056
1.7781769
15.151081
7.756944
3.5326707
1.2306257
1.5543388
1.2303457
12.707209
3.6217668
4.090391
0.71747684
0.64580643
15.633956
10.552353
2.903092
4.2860217
7.836195
4.8793497
2.6487212
4.823326
10.683344
3.9284127
0.6555439
0.9414809
1.1010221
8.123773
12.251802
3.0534241
28.950138
0.19605327
13.0000925
3.6732419
4.7853675
7.7455354
12.561875
3.4253523
10.037172
12.199309
8.440878
0.71429926
0.48425835
2.33069
2.7190185
19.446308
22.630793
26.173286
11.182111
5.0125923
9.324626
0.061612543
15.256971
3.6446922
11.070023
12.221605
5.1196837
6.6721816
9.714157
2.9274917
8.062383
7.803787
8.436482
10.500036
1.8409675
1.5372869
14.047868
9.8317
5.258674
15.373172
4.13228
5.520214
17.619495
0.96921253
17.206272
1.4817499
23.855923
7.6527286
18.55711
9.134832
5.4804716
4.370344
3.9573407
15.13369
20.533276
0.068688564
0.1308009
1.0637621
0.31236938
4.3411145
1.5367584
0.023666365
0.8391802
0.5056371
0.039846502
5.537145
3.0970998
24.767036
1.8774705
7.4435453
19.074232
24.41553
3.1605284
0.97416
3.0965958
3.53643
13.001444
3.998063
9.257309
16.625006
0.48509228
0.61773306
3.0679235
12.107173
2.027601
6.570101
2.904802
3.0927942
4.667742
12.26701
1.5789976
9.639838
15.139873
0.1327263
0.8074647
14.606214
9.160982
2.0005805
15.083263
16.625505
16.68727
45.98686
5.651557
1.7163484
2.0701594
1.1020948
4.022734
2.0829275
15.844078
13.307065
9.9791975
12.7062025
10.941446
11.465098
8.954624
3.1425068
9.577924
1.665574
1.0726418
4.9961734
49.056713
4.9292397
1.8068401
1.3390597
0.49712798
9.920646
8.233319
0.4975597
1.9913878
1.0359133
1.1315494
0.9609402
2.4526138
18.149027
1.6689624
0.22062081
1.0524287
13.06884
11.2838
16.50741
9.636503
3.9674213
1.3716195
3.2930756
11.751658
1.5158013
11.585883
8.19646
6.5330358
2.6977687
31.603096
1.2893336
23.720222
17.686289
14.767473
39.769035
7.326826
3.4349074
2.777585
2.6493876
5.9524884
17.683285
1.1306002
6.72402
16.937561
7.1699934
9.7818365
2.9780512
21.636522
0.83512324
14.464047
19.303167
1.6777339
4.5882483
10.036005
5.9287457
3.7283957
3.463519
13.672944
0.5349195
2.4788325
0.5974852
18.425854
6.1508627
7.5736065
4.573934
2.6903377
10.917591
1.6244984
1.9091853
0.29167533
0.5218245
0.653051
7.9489584
3.2653096
27.30706
5.381556
5.061832
5.6942368
3.2464063
0.001452974
0.6914434
14.5328865
7.213075
0.31524602
1.3283725
4.9287844
1.5425792
16.958376
4.6401663
18.812136
7.2728095
11.850832
0.23430613
5.7407384
15.136181
5.6276703
0.15070528
6.0140257
0.6356504
13.737567
10.865604
7.747182
3.6864443
11.335369
3.641358
6.993869
10.211587
11.190351
1.6573339
2.2114973
2.158517
3.41336
4.323911
4.8064666
6.561266
26.196455
12.483498
10.780075
6.173884
7.9241633
0.9450747
5.1254034
9.968176
1.2538306
8.616693
4.8870745
17.45348
0.7902316
17.277637
0.7737405
8.094504
0.12592734
1.3746886
1.405936
0.6067329
4.0887475
1.2360772
3.3101823
2.3628988
9.855921
7.4775696
14.429883
29.57418
1.1238974
4.6262126
1.5930266
3.639043
23.350307
12.878779
0.42593956
1.9512347
9.479759
10.516484
6.465759
5.8809705
5.412675
13.255193
0.8740402
3.9187634
3.4351714
3.1571178
7.968925
2.9730134
6.6019473
12.551122
10.302374
3.488536
17.07799
2.892543
2.8702211
1.8261156
3.9594114
2.6895359
13.065259
0.21622546
6.343436
20.033278
7.7331195
7.203295
6.1358047
0.4823592
1.4363573
1.723365
18.202425
8.663048
0.9078503
5.2732096
7.064814
0.8965776
4.015163
5.2083907
6.2028008
9.824883
16.015667
1.5618619
2.5068102
3.6920598
1.4358486
7.957625
7.9768534
1.5599889
27.354286
14.07769
0.19006822
21.343088
2.9296176
1.8597118
4.482453
1.473357
1.6979614
0.51694113
1.7855952
8.245744
2.7045057
11.20502
0.9183882
12.551269
2.9357846
9.18657
1.7331251
1.3060895
1.9518132
27.152304
18.331936
6.128969
1.0920417
1.0510167
1.6160884
0.5791399
15.538453
5.426633
6.1488576
2.5383148
4.541801
3.9274096
4.117192
8.823604
5.6753106
2.5163665
13.16881
6.584599
0.673722
2.9874492
19.87226
11.31586
10.910173
7.587306
17.649897
1.0520009
14.000369
23.318346
18.5265
17.516464
20.990896
0.5373332
44.626812
3.789545
7.5701113
3.2826467
0.51955193
1.248754
0.6382159
0.20096225
16.655746
1.283777
0.87139285
1.9019835
1.3472326
1.0780566
9.088004
4.4332666
11.557736
3.5501933
6.231118
1.0518335
3.4212239
3.5458012
2.805729
4.0203705
11.88943
13.808691
12.686088
15.070513
17.503077
19.78902
8.049623
25.363394
5.801958
1.0894898
9.754154
6.5623775
4.373337
2.6065543
9.722973
3.8707037
19.814552
3.1559782
1.5814159
0.8527967
4.4628263
8.285539
13.862358
1.4509659
1.4908713
0.5685371
3.8561406
0.32594955
4.1660857
9.573492
2.5943098
16.069796
4.0570335
2.1273468
5.876739
4.6623397
1.7971631
32.92467
1.8648027
11.105072
4.9444494
1.153384
25.517529
27.506594
9.730417
21.00555
2.069912
2.2376463
1.5349556
2.7391012
0.95629805
0.08693006
0.41888118
37.64554
34.9937
2.6230998
0.76310974
0.20700935
1.1930003
8.293652
5.8761578
5.395233
31.382986
8.008653
6.288613
14.032272
4.383722
1.9691062
0.7266323
0.54594946
1.0694659
1.9115881
2.1865652
0.45975846
1.3014525
1.2421666
14.464213
9.3030815
1.6491537
1.4492972
5.6220427
13.521683
0.6479447
13.147051
46.145805
4.2890816
9.766115
8.078176
7.6807456
4.997343
7.267924
19.609291
17.47307
0.84312093
5.5699606
7.7469
5.860827
9.03966
25.191957
17.334051
15.566413
10.723744
2.231517
1.4848754
1.580091
12.56694
22.41974
11.75926
2.0690732
1.9452415
2.2775438
13.361073
8.560474
10.775378
2.4838526
18.212688
2.994619
12.152639
16.321098
2.9159591
22.729208
3.8038688
14.539727
2.6542456
5.362225
36.775246
2.1571307
1.8487818
5.497969
5.9597015
6.27515
5.5343823
11.688633
15.738342
2.9257476
2.154041
1.1957158
3.6069975
33.996464
2.0394878
1.0002334
21.433413
4.154623
8.387871
0.18570349
32.604153
17.06652
15.931702
6.7100053
14.775404
4.404358
1.7200681
1.2207272
3.5606484
3.6472883
5.3896027
5.2018094
3.9385126
0.18416409
7.422496
1.2787066
12.865707
4.786873
8.366121
11.171673
5.119118
6.694581
0.36640248
0.9410088
0.41391277
0.072493896
1.2357599
16.781986
1.4069996
1.8790624
0.2571804
4.3468738
2.7328184
11.020263
8.537926
38.93522
26.867151
4.387523
16.661585
22.161827
14.99347
1.653008
24.338356
8.360843
3.5352252
19.924368
0.3413488
0.17956518
2.9924016
4.1009393
6.015588
1.050007
2.9249234
9.31269
1.2064475
0.603359
12.657862
1.7524921
4.2684264
2.7596714
12.538502
2.887558
4.8886733
3.3660586
0.9196796
1.2537146
4.489808
3.9818838
1.7414467
0.51134545
0.41808322
20.706564
11.916662
3.654884
1.8361138
2.5498385
4.6116323
6.8548536
7.129076
10.404802
12.716359
2.4640484
12.981393
9.763362
14.050941
19.03893
4.287115
3.2236485
3.66987
0.5278425
3.7474205
13.516053
25.890673
5.135601
4.1197886
3.1270554
6.859254
5.6845436
0.091648705
9.326039
0.49868664
0.6665656
2.2985141
3.9878063
9.920813
0.054847077
3.367843
7.1417503
4.6615953
15.263116
0.19854364
2.7606127
0.9396071
8.581819
0.8803832
2.4282448
2.9135592
19.964472
2.2173548
0.97612333
1.4202561
6.415992
17.381502
16.76305
0.28871164
3.9393952
3.073321
14.196615
2.3897688
2.7873707
3.160389
11.080698
0.7286701
1.0958318
18.175644
0.6368098
1.5819658
9.225333
0.25469646
9.269409
2.3041368
4.3051925
1.0377091
5.7488456
28.657265
0.02989677
0.7459489
0.8424108
17.34099
18.931276
31.667898
1.5941602
10.881025
0.20071289
0.3826309
9.259219
11.034532
5.353983
0.8682379
0.76496327
2.177631
1.3304151
9.539456
21.755047
14.805917
17.068771
15.762284
1.0140764
26.707483
32.152493
6.253205
3.1333265
10.044931
3.8716366
1.9251554
11.281281
24.607576
8.551624
2.7579932
4.46699
0.3009781
0.17641062
2.222443
0.78910965
1.8335942
4.6905684
2.7394366
5.682388
2.5682528
0.6184825
1.335295
8.838739
24.956043
4.2435417
5.292704
1.0423255
20.439814
10.419615
6.965202
11.918305
6.365135
0.7581898
6.3503532
3.7984798
1.0585132
1.5850955
1.6018944
1.3427931
8.448862
3.321527
2.354656
3.8755991
3.2446935
1.7466851
0.7883535
0.13247027
2.305435
1.0967506
2.280797
4.652532
10.674483
1.7541517
0.7173135
21.100183
17.269539
0.5480545
2.1381376
1.6909239
8.609931
22.0684
1.9800642
5.1700945
2.1629927
2.7713158
0.93577254
4.9055047
5.954379
4.6721654
11.574292
9.641976
7.698906
9.029591
48.718548
9.731712
5.0082793
2.3241665
3.1030836
7.543668
3.1302135
1.094782
8.003298
2.7189043
18.33683
4.3115215
2.1971693
3.07329
1.7134678
4.960324
4.3527765
29.191381
8.383838
18.97114
23.450647
2.1587248
1.9142964
2.5950427
13.233565
18.474743
23.411219
14.653633
9.692441
1.8247491
4.6527886
4.386618
5.738576
4.5583496
11.996843
1.6764776
0.34098077
1.00553
8.613602
0.6526865
1.855337
8.15073
9.073704
3.9802818
1.1852657
4.801013
3.7374923
11.264446
0.5551401
10.596925
23.3845
2.40974
16.452665
15.481803
6.646592
21.373423
5.1583605
7.910339
4.4991493
2.7848005
2.993658
12.600331
3.4676502
2.1868985
4.007904
22.127163
4.270132
8.134469
9.305054
11.068939
2.1511207
1.7512281
2.1065688
3.4071746
4.475318
9.816686
9.9598
11.16283
5.33204
0.5910843
11.87872
0.1917006
2.406884
2.148
1.3420498
4.87939
16.803066
11.401091
22.799337
3.6449435
3.625031
6.156457
3.5215597
2.1017158
3.1072643
1.9757457
9.865466
4.800886
10.950216
2.6449385
2.3298788
3.2459354
2.302336
1.6037112
9.22794
1.9227989
19.480946
1.8901489
1.5399873
13.099461
10.041636
4.8326254
3.80933
15.404718
26.797407
8.764379
2.2691455
10.491429
1.6024352
2.2691011
4.4473825
5.792915
6.1253924
2.8300967
33.322304
23.783035
4.0010104
4.3008747
3.815989
27.138664
8.353694
1.3502198
0.39364243
4.8394184
1.9810187
1.5279002
11.335483
6.0217075
2.1583097
6.9333506
20.124779
11.215361
8.931622
18.367773
2.4894838
58.562542
6.479547
2.119198
3.1388648
1.756772
2.4151843
2.000805
1.4103274
2.3812273
0.6726772
4.872642
3.4405289
2.4547052
6.888822
0.8435955
13.930553
7.179575
6.2787457
6.1277623
12.707715
7.260438
1.7562418
19.010191
30.809511
3.6013227
19.437925
12.950485
12.400771
6.2233243
2.8907855
24.159203
12.314823
0.10082119
1.1346611
3.851968
2.0758336
6.151777
10.479415
26.847128
3.5722055
17.405735
13.204009
16.02703
5.814055
3.7439368
11.473498
4.2345867
6.7145853
8.017906
14.665529
12.456743
1.7605581
4.688112
3.8760884
0.68387055
13.83198
1.4437577
0.83401346
0.38554272
4.726579
2.1641045
2.6978562
5.0911527
1.8117143
6.7018847
2.6997507
0.83285695
4.381221
11.236092
2.8679144
2.286187
0.37657565
3.056524
4.1895976
17.663815
2.8161974
4.6600666
11.085421
6.7911487
4.231993
20.372528
9.447902
5.1500087
8.359956
4.7106395
10.755461
1.169467
3.260246
0.70349896
0.52585614
2.369653
12.134918
13.93151
9.017134
7.3605986
0.0039410237
6.6273394
6.529262
0.9826172
1.0618334
22.62345
9.277787
4.122407
1.9415071
2.175324
6.8965626
5.2798915
0.4030651
3.2025316
5.063009
3.1595476
10.343829
5.956109
6.7062664
5.9983816
8.097368
10.427853
0.8363672
9.85405
23.706831
0.62236893
0.7917131
8.166289
6.8745265
4.223603
18.064083
0.021423388
16.196125
0.34214345
13.833836
2.6000686
2.6916933
4.2827415
6.1747136
2.692201
3.4941487
4.2063107
2.0477133
1.0901756
3.650749
0.24101599
2.272876
0.36480564
0.8620847
0.51043946
8.762975
0.80569273
14.488845
8.165926
8.224244
11.968493
1.2811002
2.4201772
1.8475144
6.107516
1.6883684
0.89670056
8.925854
0.3128515
9.073927
2.7435937
6.7795544
0.03693231
12.545584
1.3291937
0.82273835
18.8012
5.234272
7.840174
3.2522302
0.26607162
6.2282596
3.0700552
6.8842006
3.200594
13.443801
5.5281663
6.3983912
4.8484974
2.716578
7.9360776
7.172563
1.0249722
10.161165
12.703897
6.4325323
4.7524514
21.731236
3.733257
1.2717596
7.353821
12.022308
8.991283
16.582603
1.4663963
4.887424
1.9344661
44.955776
1.6124374
3.1618595
3.0160599
2.5718505
4.530699
1.346173
2.6502268
0.18476646
15.333
0.91240305
1.2073534
7.5663967
0.7470402
2.8045964
1.3659874
1.8994366
1.3956997
6.154687
6.3479395
1.2644515
1.8359517
1.74259
2.0261083
2.9476845
5.857301
1.7695371
0.6861051
1.9616936
0.6253209
0.33909783
9.281565
0.86931473
5.4578466
7.9861374
14.27357
2.4625673
0.53058225
1.3449464
10.235177
2.520572
0.39337972
0.6397471
5.782519
9.540791
17.621857
7.8979793
4.0247912
0.6473654
5.605385
3.0905201
3.8630476
1.2650145
9.998611
2.5033736
0.11873336
0.5084428
5.638234
0.74333405
1.9347613
2.7132406
4.1236753
2.6863158
5.9582973
4.629795
8.368602
5.4092765
2.2840688
5.3837557
1.9247562
1.0696968
22.174868
0.5312338
1.0640162
1.4950325
3.2659726
5.621102
3.1633337
1.0994209
17.597067
4.701279
3.1903698
3.8387573
4.0587335
0.3414535
0.36868864
6.2900605
1.5113809
8.704875
5.2233086
2.1302238
9.233944
15.89139
3.7518306
9.748432
14.626483
6.694619
0.6231071
1.805155
29.952301
29.616442
30.309772
9.383275
0.6868373
1.0886075
9.814588
4.5269885
11.084424
13.501059
18.852419
28.84589
22.923836
1.9074222
6.7055006
3.8942213
5.2057815
4.022281
6.5494733
4.6831193
22.88001
7.4238634
5.2037244
14.28159
8.409814
3.3715553
3.5667007
0.9076061
3.7153187
12.287695
3.6122541
24.944452
6.2283225
5.69833
0.89153975
19.723648
0.97692823
8.504738
1.8295518
12.128811
2.5497956
3.7232668
2.9041305
6.3552756
0.62911403
0.7873874
0.3803669
8.351877
10.7129
8.283282
8.710056
15.828493
4.597288
9.015039
6.4474626
33.074905
32.195423
8.855528
12.587814
16.457485
6.2750196
46.74871
3.6707187
6.407913
9.942741
36.63918
1.9169393
6.1289372
45.396053
6.5183268
10.962418
2.1299644
2.1915576
6.3290014
0.1554668
13.852307
13.987948
11.953882
57.44812
25.49604
5.299102
1.85381
1.6339865
0.3433263
7.87031
6.0468645
5.218966
2.7895045
9.030717
2.4882817
5.5774956
0.096865796
5.797653
3.5189517
10.654062
12.552517
1.0206265
10.213559
9.37646
10.305867
0.49201712
0.8819968
8.938434
15.881766
1.0797216
1.8486662
1.5875254
2.3169494
4.4918337
11.476587
2.6940105
1.1253132
2.7896078
3.2327056
2.7496693
3.5555768
2.9184957
26.356041
5.1051426
0.5925255
3.0668404
26.422846
2.334777
8.766172
4.027941
8.0956335
0.6710834
51.70223
5.884734
2.4724298
1.8602728
1.4316074
11.76636
0.85659635
8.37078
1.516019
11.542595
10.00816
42.79048
1.5623182
13.153332
13.089753
14.803604
16.170095
0.9794613
0.9131781
8.911599
11.834975
12.710862
5.52633
26.822063
2.912594
5.4476485
6.3457866
1.3039743
4.2486706
5.7476172
4.2233424
10.815478
8.028756
6.3681173
0.50903475
0.62311476
2.1651895
6.573206
0.578343
1.9924963
2.352146
0.66500646
1.2373587
0.74838823
0.5671542
3.0091991
8.049897
2.2885518
13.127429
2.4157808
2.3329208
5.5088396
27.229698
7.5763583
10.499858
4.527961
2.690429
12.930483
11.839913
7.2960634
33.09882
3.9658449
26.551905
1.1529893
7.086541
3.6332276
9.874609
0.920804
1.7484256
0.61850035
0.5754515
11.932046
3.8704512
3.6249113
13.076202
2.225149
19.213259
2.779086
6.956006
0.858825
0.96457666
2.4857569
21.007784
15.848767
3.6815133
2.8958414
0.93492
1.7921445
3.5800064
1.8475003
7.9237137
4.5701284
4.6936193
6.185409
12.277862
4.5388837
13.558906
0.018705782
3.008403
25.272423
1.782682
6.0496917
5.9108973
11.3757515
4.7522902
0.8753088
0.42055082
8.91963
4.235658
6.8321247
2.889644
0.102959044
17.36244
2.8813806
1.9106404
0.45917472
5.8146725
19.62948
1.1235312
12.792997
3.2436678
0.5008072
29.329288
14.516284
12.88878
11.869429
10.086265
20.24341
5.715852
0.19724362
1.2550039
2.2106884
8.193942
12.356748
2.6540556
1.4394199
1.730579
1.3173131
1.4988698
13.3366585
8.66673
7.0049944
5.5773845
4.133057
6.1766524
25.100132
4.6646857
24.437256
10.320345
1.0635401
0.3317085
6.2561345
5.2426944
8.774153
3.1809182
8.544922
4.010777
3.3552399
29.194452
6.2332673
7.300858
23.789127
4.315707
1.8981099
1.4962177
5.5273867
8.738053
16.954538
9.51813
14.015671
14.386726
2.6868646
5.166304
21.473166
27.898247
1.652526
5.8173604
1.6165106
5.5376625
20.44321
1.6991361
0.95955336
14.837509
8.763915
4.1429753
12.586522
10.931752
3.390697
4.1286297
9.601146
3.4254518
7.335728
10.481018
11.390089
2.8569045
2.1772494
0.5093441
7.1994147
7.4185805
1.6163908
2.063194
7.638692
3.2468793
5.3118176
3.6951616
18.587101
11.249221
2.472604
2.3091958
7.8779054
10.905082
14.701583
4.3411303
1.4802003
34.80574
17.289133
0.7072915
13.2627535
12.005246
10.870864
11.654397
26.35953
15.029162
24.054728
19.735807
3.7329288
3.2840881
4.487619
20.4275
0.6694641
6.600946
2.1651502
22.0715
0.11786845
8.672254
4.1269803
8.308164
7.63812
19.415527
12.27362
8.937483
11.264841
2.8644295
7.004187
10.722073
0.82163507
7.3377585
5.74419
4.946167
0.02308616
6.672616
4.1601324
13.805506
0.7487591
8.929631
5.6911154
4.7064667
6.846956
3.8226101
1.4622036
4.684595
36.289333
3.5541875
4.010632
3.2916167
1.5719318
3.716141
4.1420956
3.5642815
15.480367
5.4724393
12.219585
19.543987
11.995621
6.084629
13.56364
5.5613565
15.660355
13.973778
0.041273277
0.55280906
4.1577168
15.151506
6.9307003
1.3532878
5.17005
5.9133906
15.5747175
16.73179
6.9331374
10.345568
12.449759
0.56933314
4.7600904
1.7469633
16.39441
10.868146
1.0295883
10.384594
3.3356142
1.2845931
4.40106
5.190339
4.2824345
8.904349
1.9910327
61.17099
9.299891
0.89524686
5.5632443
0.36004966
2.4357023
2.2079093
3.5343235
1.1660595
11.845343
1.7948967
9.833786
3.3320467
11.9071865
3.4228437
12.446822
4.884651
15.208983
35.750042
2.4148467
6.984049
6.8919115
12.385606
2.6435633
8.398541
0.22973527
5.3577585
0.47385395
5.0506225
6.002077
5.9313407
5.9392467
0.47881365
20.66478
5.1681347
22.532877
32.00017
18.94529
16.3752
0.99414
1.3486049
1.5281547
2.5865185
2.4985213
4.494918
9.3417
2.5132718
4.2517185
14.916346
11.383945
3.148691
11.850571
16.443373
4.7460055
15.6434965
1.3721435
1.459156
20.667309
11.516364
1.5559434
11.197235
15.123193
0.68118936
0.5229466
17.081146
2.554819
6.4112396
1.362219
8.986197
5.2703137
2.8089914
18.364996
7.199015
8.808957
12.806046
1.8747785
1.4322
1.5104873
1.3341722
13.700053
11.526663
4.87795
21.19301
6.20425
23.881819
18.790718
0.9330707
1.8608469
19.546652
2.3729942
11.256245
5.208813
0.68626446
1.178688
12.10401
9.273171
4.394443
17.581501
6.883372
6.3262243
0.61025554
1.8373489
4.657375
8.472392
2.3166187
4.444386
20.172752
11.585845
0.32771415
18.68015
38.336945
5.2567687
6.166163
11.501222
3.454059
31.45994
18.701468
13.643674
9.043901
15.022616
0.56479025
5.2459188
17.632504
4.0128675
0.2591399
10.731859
13.297192
7.1875634
9.9335985
8.144686
0.6721698
19.291237
0.98928785
1.3849276
1.6470431
10.185632
7.2404838
0.5739319
43.49548
10.826048
1.4029038
1.1406341
23.496956
5.5789423
1.3884194
9.931033
3.7938116
13.741106
1.9708059
4.643204
12.545934
8.0382
22.686728
3.1678922
11.156459
10.180744
7.8587637
15.475258
4.850878
9.359433
12.443241
21.302507
17.25853
3.0582387
0.936447
5.909213
3.2993896
19.137632
8.888243
13.745213
11.32385
4.2137647
4.8277
5.557433
6.212994
1.4281017
14.569829
3.624023
3.1687143
10.194339
3.9632752
10.083147
1.7275589
12.396774
5.666682
0.24788105
0.3567138
6.4043665
11.432347
2.0092669
6.4208174
0.31082955
3.7235236
2.2360492
1.8267243
7.7373323
14.56557
14.715344
4.510849
5.0899625
0.96582526
6.1434016
3.3700352
0.12799199
4.297914
1.6469737
31.195297
6.8785596
3.0451944
29.443079
2.5359306
5.087737
5.254671
4.883084
2.72278
5.5307274
6.9890404
8.10054
16.320934
5.621549
0.1329455
0.4923799
15.066388
0.9008558
8.297817
7.2405763
2.6442013
29.998877
6.4562836
2.861947
13.809731
10.146631
0.33961052
2.0903127
11.744074
1.8593972
12.795616
5.431311
11.598851
0.26601493
1.5572453
2.2585793
10.354021
13.195142
2.512225
9.946174
17.239065
2.2606316
4.399529
2.039216
1.2838162
0.65130436
2.8026857
0.9294353
6.248607
3.568853
11.400217
1.0889382
0.63308096
14.376636
11.0590925
8.690458
31.957281
34.23738
13.195705
4.463795
11.846265
19.799675
1.2662052
20.921938
6.4189544
7.3314095
3.0403945
3.8503585
2.8401506
5.867416
1.6618588
2.6488075
9.49384
8.15555
28.586031
10.010853
17.840313
9.68244
19.107414
8.332451
26.04793
19.77186
7.927154
9.298439
1.579713
1.9620969
0.5570381
1.3225894
0.13375387
6.740977
3.9088206
12.276421
1.4126079
2.2628672
3.0855248
6.6478705
14.150585
2.2504296
6.4582076
10.79389
7.94644
11.744691
2.944717
0.8336706
15.641276
1.2861096
6.1779637
0.81440747
1.2632774
7.801833
0.20429252
16.05265
12.237865
12.489307
12.927049
1.4412651
9.984442
16.459875
1.956234
7.5870957
2.9488287
3.5005765
0.0906533
0.954789
3.0727715
4.072702
13.609679
53.194504
9.017433
2.5878968
16.891912
8.960107
11.817144
3.3053198
6.2717376
8.252165
7.558084
3.3610835
1.742454
4.970877
2.7588735
4.180557
3.333381
5.2166414
2.3940945
11.043419
4.3323684
7.9627476
5.750166
23.406086
9.12028
4.6593685
14.364225
9.526056
26.349087
15.93292
2.58468
14.094581
11.59282
3.744019
11.211309
3.5365353
4.5207033
10.155681
1.0750706
1.6738259
15.936793
13.133438
14.35859
20.788403
0.29670006
4.129064
1.3090738
8.309272
9.853848
1.5692707
1.7162858
12.3166685
1.3173505
0.6555892
4.1137657
4.2989306
1.2890174
3.0594738
1.4130586
1.7503262
0.6527409
3.1057425
4.607285
0.15564425
6.3366714
5.286806
13.826252
2.2761943
9.110665
4.4206862
0.60983044
14.144533
0.068023264
1.6094722
4.2163997
4.0975785
0.034360204
12.615641
14.1465
7.839129
24.967686
7.772273
6.1198225
4.813321
10.634414
4.691589
1.2753524
6.759996
1.1194701
0.91435486
11.086063
16.523605
0.4070467
1.5836381
3.5196595
7.053059
8.987831
1.3449829
2.284073
15.900386
0.93179667
6.0386133
40.015118
1.5512507
19.071222
17.34886
3.202168
0.5080913
0.85520387
3.576044
0.41520298
4.741157
4.061205
1.1980869
2.1201556
2.6991313
5.969008
2.8164127
2.6921692
3.0596614
5.657027
4.161263
0.6298383
0.75621873
1.7732778
1.459558
1.995664
7.9523573
0.74662006
10.945743
9.802538
2.1233704
24.841297
27.779184
13.415407
14.648018
9.721929
18.144495
4.1706543
20.930979
7.212435
8.897848
0.74967617
1.231462
5.6011567
15.417152
0.3257409
4.739171
16.243837
12.18193
0.8650564
37.67095
3.4584634
11.596296
14.396179
15.694907
3.586291
37.469864
4.742169
7.4613686
20.099121
15.921798
0.021485789
1.9790586
4.8576193
24.609543
0.5623727
11.106256
3.9826322
3.2529733
12.5730505
1.0994203
37.04167
3.2855961
2.0481462
19.687363
7.9871287
1.9062268
0.81570256
0.5688779
1.6900866
2.2980099
2.7061698
7.68065
1.218228
10.175766
26.859802
0.9376064
15.593965
1.8574522
0.97528213
22.117933
21.850525
0.43499005
5.251264
2.77208
6.6716876
4.5614896
7.765022
0.3914485
9.0992985
34.253082
0.6198055
10.747436
2.8803914
2.4232934
7.029785
2.022212
10.648684
15.721636
16.937119
4.3358793
4.282929
8.464688
23.381817
7.8418016
21.981792
19.618294
1.6367849
1.5124315
0.9753669
49.52656
19.58566
3.7546818
8.335154
24.166256
14.243003
13.214173
2.39299
3.1652331
7.394205
7.4626517
8.19224
5.8553324
1.9645027
1.7973963
2.0727923
11.550918
6.1530275
8.851104
0.35296756
3.3627112
0.80845535
2.5080373
1.2328637
2.555955
3.5594926
1.3369082
10.432625
0.0029829275
4.454653
6.8247004
5.363561
1.1502776
4.8746867
1.045497
7.0285926
0.67192703
4.616001
6.045798
8.627265
4.03116
16.029469
0.36527765
2.2174733
5.3540974
1.6987411
2.3722978
1.248631
7.958066
15.580797
6.4280734
0.7874424
1.0625235
8.096737
26.778786
6.730205
0.8791833
0.9035325
14.437015
21.76764
19.285662
1.7241035
12.317545
9.709954
6.783232
4.140957
0.6016473
0.5506543
2.4469578
41.021774
2.03842
30.67894
19.23732
15.736641
8.506936
15.890993
12.349559
12.541854
1.4145067
20.82786
11.743754
3.4489384
3.9554293
19.778915
17.011671
14.291763
13.4530115
14.585392
7.7941217
10.755417
2.9583957
22.487116
6.296644
6.5320535
0.76699615
14.278879
2.5323024
2.6941054
11.613851
4.566955
5.427018
7.1292048
2.8003902
18.200583
14.187476
0.48861143
5.4869504
6.026769
3.0829802
7.7085333
17.456345
19.696692
0.5707791
2.6126072
6.5235457
0.8114281
2.484742
3.101603
2.3251147
3.7833223
8.210714
8.746614
25.025736
2.5964823
4.9341636
0.5000463
18.798973
4.594606
6.412919
9.000576
13.419399
2.1876347
2.8940575
3.8068845
12.799006
1.2948002
14.518477
1.2180378
5.52162
0.92811793
14.663416
9.9180355
8.41
2.1961095
7.9069204
7.142238
2.4013243
3.6551404
2.5138693
5.75496
6.7405105
12.189883
0.82444644
15.580772
11.353134
6.0510945
0.26891413
1.6727959
10.598072
0.95552987
5.2669663
2.8328373
5.054131
0.059919555
0.8060753
0.54735196
3.0526896
1.6285961
3.5543478
7.8247633
9.32457
9.362607
7.835999
1.4727874
5.426479
0.24641371
6.745082
33.99557
1.3717692
1.0924146
25.9739
9.667947
7.482112
50.233555
6.1582627
9.913592
14.517367
13.3234
14.330003
19.576038
24.824615
7.9478073
3.865028
3.1571274
9.112668
24.91152
2.7422595
24.980883
11.07472
0.6161261
0.42124078
1.6794953
0.3076004
0.38358372
2.2886748
5.73828
2.3067012
3.6620522
3.9850655
0.32113665
8.331964
2.735734
2.8734908
0.8031501
4.132459
3.897426
17.992582
9.945277
8.0653105
6.8627872
3.4566514
7.823213
9.565712
0.90806645
13.993909
9.875252
6.854608
0.4535222
5.5497165
1.0024637
2.579307
7.150255
1.4036393
1.3662711
4.3328953
31.224566
2.1443026
9.539205
1.5232484
1.1593041
7.637357
7.6988525
7.0389915
9.861347
15.562478
13.554386
3.137696
9.319361
10.342187
6.085991
16.538061
39.655834
8.474495
3.1189532
4.7484903
2.7295253
6.652763
0.47580898
47.332752
9.172894
14.572346
8.066643
16.214413
5.498726
0.31826922
0.5677315
0.77484626
5.9549565
2.9849055
4.0013933
13.789135
12.760633
0.51968825
0.7617429
23.210682
5.490687
20.058403
2.5396729
2.1846497
4.9788427
19.944605
30.005775
9.813442
20.226078
13.463224
23.787825
22.694746
2.950386
4.2604322
2.4957638
8.737982
0.07762415
2.900828
6.465892
6.7530437
0.41407514
0.40964946
5.3750753
1.3728926
0.39690626
4.0049934
11.638768
5.8899527
10.64574
2.9753308
1.1528133
11.584186
10.522259
9.150212
2.9049795
1.3745345
22.640354
0.47141242
0.43641406
3.4642847
3.1284232
0.9238834
5.922373
5.789146
15.903265
26.328463
3.980125
0.7697662
2.8917804
8.130024
0.4884916
1.9353496
4.293054
1.3354288
0.32294574
3.2077558
4.862083
2.9121618
2.2953672
3.4127588
3.128532
12.574766
8.930271
13.862457
2.594056
9.277138
3.7895346
4.472978
0.5842231
2.9422476
26.041279
2.1979246
3.009058
2.6020148
6.139871
0.09381507
6.820491
4.303046
5.9960732
2.4586146
0.2666421
16.9167
3.218929
0.81676465
1.4862412
2.0616217
5.9209967
5.049146
6.0097575
0.39630803
0.4570561
33.15839
3.2079713
2.2122536
0.7242497
0.5106219
0.3010622
2.3283727
0.37376332
3.9348981
0.34215638
3.839755
0.18455394
2.0819771
0.16895804
0.9535036
5.7897434
6.652238
1.3514918
2.026901
4.3823133
13.23945
11.90851
5.7605495
1.4786769
4.6333475
15.306545
3.9215605
5.9822135
5.3536057
7.69269
6.019831
7.305159
14.537514
2.7648864
4.8839417
3.316927
7.861377
7.329111
1.4309272
21.127707
9.262635
25.495647
16.462652
25.868683
9.894312
12.8802595
2.3069935
19.796776
20.247217
0.7352187
8.578592
5.2894588
18.342089
10.9348
5.940256
2.426482
1.1685303
2.3489678
8.212075
41.427498
2.1558814
7.121564
10.013734
11.38892
7.7973723
7.117235
13.867622
3.3620822
0.77569544
17.685259
3.5557978
4.50784
3.1530616
11.400154
17.155432
0.59436613
9.617313
30.715626
1.246663
0.6688895
0.5520391
0.3679749
2.3423524
6.158167
12.150644
9.911732
0.7630981
0.83010185
7.9321303
19.72401
7.374456
7.3632727
3.3574255
4.0604944
12.285969
6.1661196
6.240304
7.0979495
5.7599945
2.3911955
2.32477
5.835699
22.216019
18.703646
3.2275677
16.505411
10.921024
11.539014
6.8647866
0.47334656
15.875166
7.662732
9.627533
6.2658377
9.335758
1.4128135
1.2734134
0.48890585
4.2022805
2.3157864
9.4909115
7.2789693
4.6496816
9.372897
0.17686133
0.85016143
1.2722204
2.7377796
6.495348
15.152512
6.8216233
7.61873
22.74102
4.5348015
28.941856
18.616571
25.777285
3.885286
30.367016
9.132149
2.6628153
26.600368
2.8646462
9.8073225
0.02692204
0.87995815
0.56645894
1.9531977
0.8762766
2.4470232
4.512273
4.34109
10.96617
13.548626
1.744481
2.266717
4.082115
1.652782
17.910213
16.702335
10.263295
17.129707
10.857677
2.756012
5.916464
8.325776
3.8552854
3.7988045
5.300952
22.256517
20.68458
14.372384
4.926751
2.5675924
11.793019
11.353942
8.568141
1.5082238
1.7414867
17.415346
17.235783
10.75652
2.1917973
10.749969
2.7517693
0.0043974877
0.2985406
3.998805
9.498423
13.98314
23.117708
3.3712397
6.6822324
10.01103
3.0212328
0.26759443
0.1540603
0.59494257
13.606909
2.410483
0.4278648
0.95044994
10.334447
12.298443
9.522775
8.782921
0.71205187
3.4995737
10.910479
6.939218
2.7150922
6.34963
9.748698
21.172174
0.23515998
1.9311244
2.1375825
3.3421469
7.8493967
10.207296
11.043848
0.36300498
23.090216
0.8678502
15.814179
11.53464
5.9745846
26.828032
3.2690473
27.189247
5.084752
12.957292
3.8736236
3.0044131
4.0723276
7.2549896
2.308998
4.269632
3.2922096
18.622055
4.650925
9.622416
5.431255
3.1558597
2.2324972
22.731333
4.5176826
6.115036
4.398638
8.2945385
2.951803
15.68265
27.482327
11.099464
1.1577662
8.829569
6.013631
7.994793
21.0023
8.595138
15.326411
11.059147
1.0427538
8.331995
5.0095377
22.312948
24.130007
1.5449069
12.734341
18.231121
1.7993902
18.623333
5.335087
10.372959
7.3559546
5.4375844
2.8621175
1.0288633
49.98721
6.8582935
18.99126
4.8679175
3.9480348
13.282077
6.865459
8.895777
4.771315
0.5841299
7.9623723
4.64885
3.8484583
3.7795722
0.366187
0.50690097
2.4979172
0.7203471
1.4849893
1.7778004
20.054512
3.6258023
38.091644
2.4781566
17.74195
5.332207
1.4807186
5.1625133
14.436482
0.3659103
7.1969666
2.5862818
12.595152
4.30372
0.377784
1.9873
1.9324477
3.1131694
0.24750759
7.305343
18.936497
0.5185702
0.6069789
16.494066
13.086382
8.376255
35.377205
4.191822
1.9653674
7.0190244
5.0640063
2.1592143
1.6042404
4.7682934
6.9601164
6.4221525
12.673879
12.158263
0.45598656
7.545924
3.0374196
2.0199468
5.806241
6.5349164
2.478795
8.443516
2.0862257
13.049419
14.133495
19.796713
3.109935
1.2139701
14.256396
2.302732
12.075748
8.240887
11.490967
0.721177
9.451056
10.351063
17.824549
2.2420564
3.6055586
1.3025132
5.396709
6.2009635
23.605125
9.179745
17.100086
4.3565307
8.562445
2.4849076
23.525103
0.453473
11.691091
4.526132
13.178616
2.863752
17.279823
3.795155
16.013578
1.3308733
1.1928785
1.2824453
9.410264
0.8247294
2.275281
3.5970829
10.390476
4.9303427
1.7131505
5.1874375
0.923709
26.679789
3.1396916
15.392375
4.2476497
17.915909
16.650919
16.553
7.9653263
8.546579
0.5590725
13.042564
2.637545
5.2691035
2.5704784
7.0674725
2.53595
7.3950176
4.277533
16.671679
12.9490795
4.069207
21.897884
29.764305
7.2560425
5.2920227
17.061724
6.846907
5.1449018
10.324631
0.6772364
2.4689212
11.3750305
5.522396
6.0511575
0.07743094
3.9165983
5.93349
14.003756
2.0760667
4.4642515
18.04305
12.586383
0.07352485
5.769411
11.689445
0.5161915
3.7862284
4.396186
1.5587084
1.7049097
1.8668875
3.495454
3.600294
9.031249
4.2034216
46.38139
2.0934842
1.8039782
2.4978144
7.666448
11.420645
2.2929404
1.0450864
0.4423478
0.68223333
0.82386565
5.8833632
18.347073
11.337912
18.274916
4.9420533
9.550096
14.596512
8.825744
10.120098
3.106336
2.665403
20.173676
12.922263
2.0666726
3.427171
40.41163
16.879654
1.2623355
2.6771903
23.653776
0.038352553
14.625607
1.3624585
30.033184
11.645086
0.4920179
1.9852322
8.158349
1.8929622
22.084332
4.926961
2.388704
15.44481
1.8875537
20.206928
3.3371253
13.119964
2.7199051
4.8773823
5.4494867
3.6849892
6.4065523
8.842123
7.248838
12.808054
8.460144
5.5592284
6.1563044
11.346398
1.3127424
5.7134643
0.45967528
1.231172
3.8738892
6.2961593
6.47528
3.9393303
9.7084875
19.82707
5.198331
26.085808
18.862795
2.022265
8.979188
10.989029
15.395153
10.469362
4.274037
7.816152
4.913017
15.491724
6.3155327
14.188567
4.196674
0.3561145
24.866507
0.7348745
4.220728
5.276635
4.62875
0.14280292
2.8111115
2.4005141
3.4927557
1.1277021
6.0341396
4.041287
0.15580146
13.94154
0.7907827
1.9233499
0.6080799
0.54150367
4.2223263
0.2338072
0.67078525
1.5188103
5.0814543
19.34589
0.016122973
0.6483099
8.528208
0.70016295
7.7535415
4.887827
0.8699882
6.5055437
5.8096557
9.705188
23.925617
5.0655565
1.1640214
0.29282832
10.302246
4.615769
1.2862365
7.995806
7.113191
11.126519
6.9025617
4.9027176
1.0691892
4.9664054
20.324406
8.114945
2.965231
9.955908
1.8359479
1.9474593
7.447599
21.338717
13.467477
12.562048
6.3156166
5.148051
1.8236511
0.54724896
34.3752
3.8607378
13.210321
4.2486563
5.413913
9.918937
3.6880484
4.5406275
2.3904977
5.625418
0.86962795
0.7908747
7.896903
0.23834194
5.6499243
4.0942907
0.46349832
3.8715432
3.8993359
4.7154207
25.783875
9.158993
36.500267
2.6931436
6.1724253
1.1583506
1.885568
4.473199
1.8749626
5.7039323
41.417206
5.717863
15.532011
7.2815523
17.000181
10.879518
4.7912
24.850395
0.9682419
9.970927
6.4055223
25.842348
11.5579
1.038484
5.0005994
7.304698
0.97137225
0.7527818
14.841548
4.432229
6.12256
0.9661542
5.675807
7.7635336
11.29733
1.8662256
2.0728204
0.9591106
0.78702456
0.90058094
6.77765
4.5904255
18.308832
4.645475
5.0316887
2.451057
8.270886
31.694881
3.0001538
0.095513806
1.2048353
14.3373785
1.4243965
0.9283293
3.7657964
13.557148
9.730266
30.039614
0.23351033
7.330363
0.844208
3.0837948
0.33921465
7.6420374
28.696436
6.33341
1.6382037
6.2743077
0.36003593
0.8214268
0.6896944
1.0575742
0.31140894
5.915057
1.3145902
10.399786
1.5819024
2.5425959
6.301005
2.6958632
0.67098534
0.63058525
1.915011
7.101092
3.4391978
7.4843774
7.5419273
2.9512582
7.0914207
43.485172
1.9173478
2.8682396
0.24500625
0.7233629
0.6589552
6.8305626
17.09302
0.38920775
20.13749
2.352184
2.6441202
12.604742
3.9030385
6.0218897
14.197736
11.521259
2.8020723
0.28167447
1.2185427
23.213127
0.80582976
18.218428
6.2619104
13.363568
12.418236
5.6071367
4.745477
6.6196427
23.62395
0.08285262
12.406055
1.5242869
0.3446361
1.2292924
1.191563
8.184956
2.9777963
4.249267
5.825787
0.27621093
2.9440567
4.109385
1.8508809
4.9020934
2.6159842
9.025861
4.831097
0.0647351
0.7425956
20.071732
0.6882609
2.0705945
0.08961604
0.4894657
19.480616
0.5438912
1.5363352
3.9774427
3.9260783
0.45571294
5.4063582
3.2787457
25.050175
5.946851
39.081738
5.040934
27.213808
0.25209638
1.9484296
1.817757
25.091095
9.671946
26.907234
1.0760865
4.6898804
0.5776771
0.5370983
5.1706333
6.0437546
3.4700394
11.284421
1.1968604
8.328301
2.6695485
8.572045
1.1316493
3.0787477
3.715079
4.868283
5.748253
1.2688377
3.4209187
0.92219293
13.267301
1.4465151
2.5921526
0.6868637
11.2697315
9.83938
7.7839737
0.72035235
0.40078822
0.5123796
0.49818417
12.900125
3.4350739
1.2410467
8.693595
0.023377232
0.7730252
3.49978
28.721882
0.4486749
19.45107
3.2954512
3.2259262
3.267419
12.218474
2.2343864
12.572088
8.184831
7.2544913
0.843272
3.3802364
2.4639275
3.6099372
8.655
1.8664528
6.493113
0.7509801
5.156359
11.692515
27.356487
7.5467367
5.8863897
28.455341
5.070059
5.916982
15.946606
5.324346
22.113316
1.3561666
10.356453
41.019043
5.447796
22.92226
6.8677053
21.845158
17.775028
4.33677
2.6907885
1.843466
23.593998
4.2675457
2.4883077
2.6349714
10.741567
13.629278
11.318241
6.7786293
1.0536373
7.352281
0.7973252
2.5071185
1.6890324
10.410017
3.2259457
0.78045833
1.8335645
14.715925
16.716972
20.297882
14.552475
19.101952
0.19830613
0.23026286
9.482789
7.4792852
2.6346152
9.1756935
2.1680226
22.908705
1.9487154
13.630022
4.118627
0.3727245
3.6261973
4.513603
1.4365883
2.9825716
1.9881406
0.5867257
1.2440766
10.00528
13.111946
4.149468
3.637468
0.9463376
9.7935915
8.493509
19.354076
4.1820507
10.542182
13.706707
6.1233606
5.441832
12.502724
2.0945098
2.8992496
5.936329
2.3401678
0.40917048
0.6528471
5.7419806
5.0617414
14.423774
0.47318816
0.62699425
2.482892
8.221025
5.9239645
8.840229
12.12406
9.063022
4.245382
2.5064647
6.422262
28.751116
9.417364
16.76744
24.030397
4.4218264
4.846181
13.70353
6.2458105
3.338082
15.97999
2.0721831
22.092064
1.4672687
1.0752656
2.1711583
9.89813
2.523607
3.0401983
29.237156
23.121273
2.6059084
0.9567832
5.8633456
10.809177
5.5215597
1.3143386
1.8191446
7.9667354
20.805454
24.153637
1.7635638
47.68016
6.879294
24.51296
8.131293
8.438153
0.052767754
3.6114752
4.152973
11.753497
24.670624
2.061749
3.9372635
10.580379
8.293841
1.0964863
14.06907
5.9742403
15.453092
1.5444646
7.5643516
6.1953125
8.886439
7.645622
6.139192
14.71502
9.313973
1.8770038
10.848397
0.39310122
23.305958
3.8312848
5.998562
4.770953
0.4049859
1.113766
9.056133
2.7787662
0.63425833
0.9624911
45.808735
1.8327875
19.430424
1.2418287
41.772327
17.381744
16.905407
2.5092976
1.3353366
13.201414
5.7665954
4.6499834
14.417164
14.452458
12.689165
2.3076596
1.5927888
3.5252202
5.932338
1.7259136
1.3749688
3.6769192
4.565234
15.172339
3.5561402
3.7488515
7.4391084
11.675892
5.795607
10.469553
18.347979
1.7393374
8.908988
0.71201366
6.5920253
0.49268293
0.7143693
3.0157256
10.556674
8.739551
15.654956
3.776734
4.212058
8.179475
1.0536214
11.687582
12.670367
16.693066
10.059895
0.12869367
0.65093726
2.6196182
4.5329514
12.94592
21.129375
5.556733
2.4197218
2.3451867
0.91751343
8.917769
5.3639317
25.341505
1.4782255
16.67618
0.5584674
5.6763053
2.7559202
3.0672066
2.4642081
2.5865679
4.184112
1.7103341
6.8385034
0.60663325
0.48595855
3.5721493
1.5949525
1.3720367
0.05341834
9.765185
10.4140835
19.161856
6.6194234
6.7175994
6.8321686
1.8583722
1.4305892
4.438968
0.8481371
10.931081
16.940832
14.852931
7.7534075
8.601681
0.6332385
9.375798
2.0600471
25.911232
25.10756
9.0563545
9.274015
7.7312493
12.084128
0.30165824
0.6817074
8.433248
1.9137757
29.235548
22.823088
5.0194116
0.26243755
0.9405585
1.6075461
0.9260643
1.6550615
2.0032177
0.84125364
7.7776814
11.958637
0.66627216
11.249355
1.1482885
11.289833
2.737337
8.985796
5.5664115
5.1676273
6.2501383
28.817593
6.7288237
5.465032
0.760607
1.3616873
29.388773
1.300511
16.800364
6.1090817
1.6967108
1.7064188
7.8803515
2.1601622
1.1987921
3.060484
6.6982775
16.29565
1.0228479
14.910208
14.723734
2.2172012
11.933268
18.540258
4.3102565
4.527248
1.9119322
7.8001966
5.796833
5.2697477
2.71494
3.7775013
2.8220234
6.2296705
4.441572
1.8088427
3.0156202
1.893552
3.9992802
2.525904
9.673161
5.0783687
0.44974738
1.1160454
21.402887
11.56421
2.039954
3.1480515
10.71187
14.610089
4.0293403
12.829431
14.810046
1.9782716
5.3257456
2.0495176
11.808807
1.410816
18.2246
4.354938
6.985671
29.576456
3.9634118
1.9624567
3.2096448
12.81354
4.5987563
15.389628
20.760265
6.278
1.5953188
1.1092657
4.12897
9.71485
8.653765
13.2371645
2.160048
5.2383275
5.3392
4.543699
4.7597885
7.3393865
2.7094417
43.184616
2.3627932
2.0526667
7.394014
0.81107557
4.8638678
5.668057
0.55201286
7.8403416
1.1795411
6.7082624
26.644665
4.13107
3.2444837
15.345319
14.7318535
5.109377
3.2395458
10.927195
7.7384243
33.36061
7.9233108
7.4758573
0.17616814
1.8506184
3.0217102
8.704354
8.213119
6.215255
39.453224
5.3213906
4.45341
4.9653893
1.3325326
5.736083
2.5130076
6.032147
0.5290128
0.7476964
5.7828975
4.810851
10.361275
1.8827914
1.3803256
1.2528477
0.6165331
0.92555666
5.833423
4.651228
5.500265
10.025468
1.0568109
0.8227713
1.274378
0.430175
2.6303508
5.7516775
30.683239
1.6138196
18.871117
24.363811
0.44663456
0.26753035
4.9049263
5.7013836
1.5546108
2.947485
10.028135
19.117931
9.662333
6.178527
0.38986278
5.394708
4.128084
9.327432
29.56834
6.215755
12.401054
10.590239
2.0725942
3.735793
0.016792884
0.79866475
0.67494243
14.269399
7.182747
28.859102
2.9498026
1.8029692
6.2288465
1.9851595
11.55509
3.0158556
15.699699
5.1744533
12.776211
0.14003386
0.14943281
6.0943875
0.408191
2.1658823
0.4866591
3.7064629
0.33036572
10.39352
3.595697
5.8918667
13.07201
5.615008
6.9147005
2.461869
5.376061
30.326862
6.4011483
7.080981
17.781368
11.462934
18.052523
6.7931433
3.3141465
6.158935
2.5093396
5.502911
3.1785214
2.1171618
0.3265833
0.6061432
7.3162065
21.834465
13.380028
4.324927
9.933782
20.613039
0.64926034
0.512204
1.0864925
1.0220715
21.798841
0.89875996
0.58705705
4.674363
11.001405
3.0375793
2.8698719
7.070801
4.2753987
2.0235913
13.422183
9.387089
2.2095187
4.1286387
2.3293471
1.4319953
1.2645533
1.7876276
3.529813
0.48351452
2.4551327
8.668228
6.623053
1.6044194
20.4629
4.5046215
16.641705
10.698059
2.2539232
8.42875
2.404138
4.49484
1.372583
8.291519
7.5222816
7.069432
14.475278
15.176272
5.592332
5.4397817
4.653472
3.4365242
5.7289004
