902
989
992
985
998
1028
998
955
1005
1025
986
1049
923
1048
1029
966
1002
995
1008
962
975
1004
924
1002
983
1043
969
1020
992
1059
1000
1009
974
1001
972
1013
1013
970
1006
1046
1007
964
1002
900
1012
1035
948
998
1044
986
968
1034
967
1024
1018
922
1017
991
1013
1034
1002
975
1050
1009
995
980
964
1006
1016
914
1006
1004
1006
1004
1026
949
1016
957
1010
1003
1009
992
968
1041
992
1047
965
996
975
1025
1031
1007
1033
999
987
959
1018
1033
971
1018
974
1045
967
995
1040
1025
992
983
1004
983
990
968
1023
1063
954
995
1049
985
1019
1000
1026
1019
985
987
997
946
960
1005
1013
1043
1011
1007
1016
992
970
1044
1003
1036
1061
1018
1023
964
971
1000
973
1026
967
1028
1009
1011
1002
1007
979
986
971
956
998
990
966
1032
1029
1035
924
956
1016
1062
986
965
1063
1000
1027
957
1012
946
957
1031
987
1032
1005
995
978
998
992
1028
1021
1046
999
995
1014
975
1028
1039
976
976
1020
993
974
1040
934
995
1028
1003
1038
1009
974
976
984
981
1001
1037
1026
1000
990
1047
1004
1022
951
1048
1029
992
988
1017
1016
986
957
1039
1000
989
1009
952
1089
950
1057
983
935
955
1055
1037
964
953
1001
951
1065
1023
993
1017
1038
969
1009
948
976
955
978
1012
995
1038
1028
1084
964
1016
984
1040
989
1050
962
1051
1004
983
997
1037
1049
904
997
996
1031
1080
959
1020
990
980
970
1016
1045
943
1026
934
976
1011
1033
1002
1032
1016
1013
961
990
990
958
1014
959
1046
964
1035
1010
1054
958
959
995
972
1002
955
1022
913
959
969
997
968
1038
972
1009
972
974
952
970
1021
931
962
902
1010
1038
1019
1031
983
962
996
988
979
985
1018
1000
1065
1045
926
991
996
997
983
989
1045
1014
1014
1039
1016
1009
958
1058
985
1023
996
987
966
1026
1020
980
980
975
996
940
989
970
1009
888
1034
934
1015
928
1044
961
984
969
1063
1059
989
1013
996
1075
1017
995
986
1046
983
1016
1003
1028
1019
1009
1065
1021
1030
1000
1040
1019
1014
1051
1023
986
1015
1052
1008
1035
966
1003
979
974
944
1024
1005
981
994
1009
1012
1086
992
981
1005
990
957
988
961
1038
992
1002
997
951
948
990
1009
967
968
983
972
1027
978
1015
987
1015
1025
983
1011
977
1044
994
1040
989
1010
985
1001
984
993
1016
976
1039
976
1022
1037
991
1013
982
1000
977
1019
1013
1011
1034
999
1009
1022
1026
1064
1027
1002
952
939
1027
965
992
1087
1058
982
1006
993
1011
971
1003
1064
958
982
972
1040
1046
985
1041
1027
1016
983
1058
956
953
1029
969
944
1008
988
957
977
1014
1000
1066
1006
1027
1020
1024
978
1007
980
969
992
1015
995
981
999
1042
996
989
1004
1031
988
1020
1048
982
994
987
1011
1041
1065
989
1068
989
979
1027
990
984
967
959
953
974
938
1009
1015
1020
1025
969
1031
1058
1018
1032
969
962
975
972
1019
964
1004
975
954
959
984
962
955
1003
976
951
1011
1013
1009
991
1028
962
991
1060
986
1054
990
1037
1025
1002
1039
1036
961
1007
1015
1060
1004
975
954
956
1051
1003
1004
1012
1012
981
977
1031
963
1014
992
965
989
970
1009
1033
1061
974
1021
1021
941
993
1025
1031
963
1058
988
967
1015
988
1015
992
970
938
980
952
1018
1011
1009
1005
1013
982
957
981
971
988
1004
1010
968
975
982
985
995
983
991
968
1085
1048
1051
1043
998
957
1011
970
973
914
952
988
1025
965
933
951
960
908
1036
950
1020
1060
1014
998
1083
1018
1021
999
983
981
941
999
979
1064
950
953
1005
992
1010
952
956
1005
1025
1008
988
1042
991
977
995
955
1000
1002
1031
1070
1013
976
1080
973
1044
1032
1036
1056
1016
1012
1056
1004
1002
996
993
1011
992
985
997
999
1045
1039
995
962
995
974
1000
1008
967
1011
997
1015
1002
994
1004
1006
992
933
1039
967
996
982
976
959
994
1013
988
969
964
981
937
961
1042
957
1004
953
996
1036
1002
1008
985
991
1041
974
896
1022
987
981
975
962
908
989
1030
973
984
1001
1007
992
1015
981
945
1028
1000
981
1003
996
1010
1048
967
1011
1003
1011
1024
998
1017
1051
1062
981
984
990
1000
952
1035
977
1091
1032
1050
978
1028
1005
1004
983
1026
978
1013
1007
964
1016
1056
1024
968
994
996
991
1060
957
1041
1059
998
1000
1006
1009
993
999
1054
1012
1009
1006
969
1006
1022
1013
1015
1018
1019
1001
1003
1041
1082
1000
1016
983
953
1032
1025
995
962
1062
1057
1030
975
1013
987
1017
971
923
991
1023
1039
977
980
968
1009
1051
948
1055
959
1040
1036
1028
1009
996
1010
983
1000
1034
1013
1007
948
1040
981
1000
979
1013
1013
911
1006
974
1025
1024
1008
1027
981
1009
1026
998
995
1002
1064
1005
1028
1031
1006
1004
965
938
981
1008
931
1032
990
1000
961
966
1050
945
1056
1028
1005
982
1007
960
1051
961
984
1014
960
992
1035
951
1004
988
985
1015
1003
992
1057
994
950
990
985
998
1013
1032
1031
1055
984
1048
981
989
1018
1028
987
988
1056
1026
952
1029
989
1031
964
997
960
979
939
914
1009
996
1010
995
1018
1024
988
966
1027
1028
999
1042
1055
962
1014
964
986
1014
1077
1023
1002
1040
1035
1000
999
999
981
1028
1004
1013
1017
1038
981
1014
1001
1032
987
991
988
1046
974
988
1027
999
990
975
955
1020
984
1044
983
1023
990
1031
999
1100
1018
977
1020
976
991
1056
1001
1050
939
1041
969
979
1022
995
1015
1063
1005
1004
1007
1033
950
1019
962
957
991
968
964
1006
1008
995
971
1030
972
969
1016
965
995
1005
1047
1039
980
964
992
980
1049
991
986
995
980
1006
1052
1003
1024
981
950
966
1031
1023
1007
1009
951
994
1024
969
1005
953
1023
989
953
930
1036
1029
941
955
989
1048
965
998
969
978
994
999
1008
1028
999
946
1003
980
964
973
1022
1001
973
980
1059
1008
973
932
986
951
1004
978
991
1021
1065
1020
953
1044
936
987
969
962
1007
998
918
1019
1027
1026
1029
952
1026
1088
1009
984
999
956
997
968
980
1014
1032
1003
1008
955
973
1033
995
1006
1033
1002
1004
1023
1051
1039
1064
1011
968
1001
1030
1022
1025
1043
982
948
972
998
993
981
1008
960
978
997
1035
955
963
1082
985
1035
968
975
1027
1026
980
974
1024
1060
997
974
973
997
936
984
971
988
1028
998
1028
957
955
1009
928
991
994
1005
1005
1012
1025
1014
992
973
1028
1018
974
949
983
971
949
1036
989
995
950
957
1087
960
1014
992
1053
989
964
969
1018
1021
963
1006
1016
1026
980
996
1023
1015
1039
964
1014
999
985
1063
1022
1020
970
980
995
1037
997
983
988
974
981
1009
1022
1025
996
1009
1039
979
1004
986
1007
1005
1015
945
1014
1068
1009
1060
1007
1008
1028
994
1025
1016
986
998
1029
995
969
1033
1046
1017
1061
944
1019
975
960
974
999
1000
996
1015
1021
995
987
1010
1042
1013
1026
1024
995
946
1020
975
947
951
1055
1061
971
981
1049
1014
1028
1002
1021
950
949
985
994
996
1019
1011
1015
1034
990
994
988
1013
968
1021
969
1027
1026
1020
963
1009
997
1067
961
1002
1006
996
962
988
985
989
1044
1005
972
1015
1004
991
971
1018
1044
981
974
1064
990
992
987
1045
971
991
1010
1023
965
1057
1034
1019
1015
987
1001
1025
989
1049
982
988
981
1021
952
1021
998
992
998
996
1067
1038
998
1060
987
972
929
996
964
1023
1001
972
999
978
1005
902
963
1020
988
987
1065
1009
974
1068
1018
1013
973
967
1021
985
1015
961
982
992
955
991
1088
1003
952
1045
974
980
1050
1010
988
1014
998
989
1021
994
1005
1028
1026
999
1061
1013
969
1087
963
991
955
951
1000
1058
1011
1004
999
1013
1046
985
981
1015
1004
989
1002
1020
1001
1056
1027
1064
990
1051
1017
980
1013
980
1035
990
984
1032
999
969
1008
992
978
1097
1013
979
997
999
1022
965
1018
964
988
1017
912
980
999
982
949
1004
993
985
1024
997
1019
1090
998
944
1011
940
1009
989
1003
984
1005
1000
1000
960
981
1003
972
1008
989
1057
960
943
976
948
1005
1000
1057
970
986
945
1050
970
999
930
1053
930
1039
957
947
999
1045
1016
992
991
866
973
1029
1037
989
1040
1011
1031
947
978
1029
1055
970
1000
1060
987
1071
971
1036
1000
1040
935
988
1012
1021
1004
942
963
906
1013
980
1008
980
1000
1018
979
983
995
975
917
985
975
979
1006
1040
991
970
1014
1014
1020
1002
991
981
1048
1015
1003
1003
1010
974
1017
975
1023
1055
982
1032
1015
1004
1012
949
994
985
965
927
998
976
942
995
964
1001
1028
962
995
1025
964
1022
1005
1024
1035
970
1002
993
1012
989
1027
991
1054
967
998
1042
1012
998
989
971
1025
993
969
1018
1010
977
967
1015
1011
1012
970
1012
1013
991
1058
981
1048
978
1002
951
959
1009
984
982
1024
1022
943
1039
993
978
1012
1029
950
925
1026
946
964
937
998
917
1011
990
965
1016
997
1040
991
945
969
1005
983
940
989
958
1031
1001
995
1021
931
1010
1029
1066
1003
994
1042
1003
987
1015
991
1041
996
1010
1012
965
1027
1000
998
988
1008
986
1027
1050
1029
964
995
1003
1037
1033
999
999
1041
1001
989
1016
980
1024
1009
928
952
964
1026
970
987
941
1003
1036
1025
996
965
950
968
918
932
1016
1010
926
984
1044
1007
1016
991
960
1049
997
955
998
977
1029
954
1024
1000
1019
941
999
1073
975
1008
988
1054
943
1009
940
1008
1002
1015
974
1055
987
998
1046
1012
959
1024
1071
1021
955
986
1004
1014
988
1009
994
1014
1040
981
1064
1060
1018
1035
991
1039
988
1030
1013
934
1008
1024
1029
983
1004
1012
1054
1015
987
1007
983
1079
1036
1020
1046
1002
1030
924
1045
986
972
944
982
1028
966
1020
940
983
1041
999
981
971
978
962
992
1040
1029
997
992
972
977
989
1028
1054
1032
1027
1042
1020
985
990
1005
970
979
982
994
989
973
990
1013
1012
946
950
989
1004
998
980
1015
981
978
1041
963
1035
988
1033
1025
1034
981
1024
1066
991
957
1016
922
1038
995
1039
1029
1016
1021
954
1014
1004
1016
991
961
982
1042
996
1011
1054
956
999
997
1029
954
974
986
1017
947
1033
994
978
977
979
993
1041
1032
1052
969
1034
991
1005
970
1023
950
1009
1016
1000
972
1007
1016
989
1061
983
1001
967
986
970
975
974
957
949
979
942
1019
1029
999
980
995
1047
988
967
1018
1045
997
1025
993
1011
1011
1047
1025
994
1030
971
956
940
1009
1019
1019
1002
957
1041
1057
1041
968
984
1040
1008
1002
975
1080
943
982
990
1031
1035
1017
1040
998
999
973
1009
952
1004
950
975
1005
949
1010
997
926
999
1006
949
1038
1028
1022
1005
975
999
1016
1009
960
1036
1043
1026
1080
1033
1017
995
985
1011
1001
1037
1025
1025
968
1005
951
1048
996
992
1028
1008
990
1025
1002
997
982
994
1002
979
1025
1013
1003
973
983
983
987
1025
988
981
1047
1064
975
1034
980
1050
994
997
1035
962
1029
973
1023
1004
1027
1010
982
1052
961
1012
1073
971
980
988
976
996
981
995
1007
1004
1015
1035
1043
1041
977
995
982
1002
1014
995
1016
1012
978
995
959
1015
1014
924
963
1001
983
1025
1033
973
998
1000
1032
1033
1064
983
969
1002
963
1003
990
1025
1039
1041
1043
971
961
997
950
1067
948
1039
1033
996
934
999
1004
943
1019
1004
977
1006
1057
949
964
978
1036
1049
995
1017
1040
1020
1010
1018
990
1004
1013
1028
1001
980
962
998
1027
960
1004
1006
1017
1016
1020
948
966
1004
997
992
901
997
1011
1002
968
1031
959
1009
961
991
1021
950
989
1053
975
1003
1038
950
1002
1078
974
1010
1027
961
972
1080
938
995
1030
1012
1001
963
1022
991
986
1013
1007
968
978
1033
998
1013
1023
947
1010
1018
991
992
974
953
1006
1028
1013
965
1054
1018
1039
989
993
977
970
1051
1044
1038
983
1086
1006
1024
1032
965
1019
1022
918
957
983
991
948
1063
965
971
1024
1017
999
1036
1045
998
965
1035
1022
1008
1003
954
1015
1043
1035
985
1005
981
1035
992
990
982
998
999
921
947
1021
1020
1043
1008
964
992
1020
994
972
970
971
1021
1028
959
1008
1026
994
983
926
1025
1020
990
1050
969
1063
1007
963
1018
985
949
1001
986
963
957
964
1008
1012
1006
1011
1050
950
1012
967
968
987
996
981
1015
1026
1001
1063
951
972
986
1004
1029
979
956
1021
1011
1045
992
978
970
966
1021
1020
1020
1011
977
958
1024
1020
986
1042
1013
909
1056
1025
1020
1052
999
1044
1018
1019
1029
1034
1034
950
974
941
980
981
1004
984
989
989
1042
987
990
1024
991
988
1036
979
973
981
944
1016
968
953
977
1023
996
1013
983
978
947
1031
1043
1038
1017
1024
1044
966
923
1016
993
1059
1004
1050
1032
987
1004
1004
1030
987
1010
1014
1022
968
940
981
1040
1026
983
972
1030
1022
984
978
1002
965
987
947
1004
1013
997
992
936
998
1063
966
973
1000
994
953
1036
950
965
974
1010
933
974
1043
981
924
937
1024
1020
1005
965
1037
1007
1025
946
989
1007
968
1021
1012
974
1010
1049
935
971
992
1016
1033
1005
956
1004
1073
1033
995
996
1026
1018
1010
980
939
1042
1035
1013
1060
988
1003
978
1058
1010
988
1038
1037
999
1048
1017
1008
1028
995
977
988
1004
1028
1039
979
978
1015
998
989
981
968
993
990
1027
967
978
985
953
969
998
1042
1004
985
1016
1021
1055
1040
972
964
983
1012
961
996
968
966
955
1003
1026
1007
983
995
1017
1013
998
967
974
1008
1051
1026
1011
962
987
1017
999
1022
1000
1063
1037
1039
958
1000
1043
1057
1005
974
1023
1017
1022
1044
990
1007
1009
1011
997
989
1028
975
1059
994
965
989
1009
1007
1032
965
1005
1028
1018
967
1005
948
995
1038
967
979
982
1056
989
1007
1029
985
939
930
1038
1001
1000
1024
974
1027
989
978
1029
983
1008
1027
996
1004
1013
1026
993
996
953
978
993
1016
1008
1008
1023
1028
991
992
1032
982
968
1024
975
985
983
972
1034
1052
942
1044
983
993
1014
1031
1001
1014
1027
1016
1010
1006
981
1018
1008
985
945
1009
1004
1003
1037
996
1005
1009
960
985
969
1028
931
994
1015
957
996
1069
996
996
950
985
1058
999
1025
997
991
1033
992
1029
1002
997
1077
975
1022
966
998
999
1014
985
1001
1050
1058
978
1021
1037
1051
961
982
999
1043
1044
982
997
983
1019
1010
1004
999
975
991
970
1030
989
981
931
994
1002
1038
975
914
1011
957
1007
1060
990
1031
956
1022
964
1003
1028
942
997
1008
951
985
1026
1023
989
1026
1003
984
1003
1037
1043
1025
973
967
995
926
1007
989
979
952
1003
1009
993
1021
974
995
956
948
1046
1037
998
1003
965
965
1057
988
991
986
1004
969
1003
994
1015
970
991
1054
942
1046
954
1006
982
1000
962
970
969
974
1053
988
1028
989
1024
995
981
965
1006
1003
1028
1028
1030
1017
960
1026
1045
1022
1039
959
933
1034
1036
1019
958
967
1000
1019
999
966
1021
974
992
1053
1021
969
958
991
950
1012
987
1010
1017
975
1005
995
1003
989
961
994
978
984
1007
1011
1071
1006
1007
993
1028
1009
993
967
1045
996
1010
967
1009
971
1010
1021
1034
1027
952
1039
1019
1040
1047
1005
1000
974
982
999
997
1012
989
953
971
1010
1023
954
1003
1036
1003
943
963
1036
1009
983
947
993
1005
998
1000
967
1043
972
990
1057
998
992
1033
1014
1064
1021
1028
1018
1013
1002
1056
998
1051
997
1021
1028
1015
1080
1018
1011
1052
991
988
1005
964
967
976
960
1053
996
1011
1037
992
983
979
1012
1006
988
1010
1056
1015
1015
997
1045
977
1013
1046
1048
1008
992
1018
1015
946
1004
1016
1008
995
989
971
1099
1062
977
997
999
1004
1072
963
962
1013
1000
1022
1069
1026
967
1002
1020
985
982
982
998
991
996
980
968
959
960
967
956
914
1012
1022
1002
1014
1053
1038
975
1012
989
1030
967
973
1029
1004
1091
1001
1028
997
1023
1029
990
960
968
966
981
1013
987
944
973
1023
959
1016
1024
993
1021
958
1055
1039
1003
954
998
1006
1023
969
983
952
933
975
980
1010
1040
1085
966
1004
995
973
1009
1043
1013
984
1034
979
995
1022
984
1013
958
922
1055
958
1026
997
987
1010
1023
988
990
1005
1004
935
996
1025
992
1031
968
1019
1045
982
928
959
1006
960
1016
964
1010
1033
1003
982
988
1044
957
1011
1027
970
997
991
1011
963
999
992
1041
977
955
1033
1005
982
1008
1024
986
980
950
964
999
1002
993
1043
1010
1023
1016
991
1025
972
995
984
1066
1014
941
972
979
991
1021
1031
990
998
972
1018
982
1002
967
969
1053
1051
953
1066
1014
995
983
986
978
1028
972
1049
972
961
998
1021
957
983
950
994
1038
997
996
951
1043
972
948
987
1025
1028
993
1006
968
915
1023
945
1021
979
1020
1038
1008
931
951
974
956
980
1007
962
988
929
990
968
974
1019
1009
1030
1009
1012
1011
1016
939
1007
962
1049
980
917
1008
974
949
962
1045
1002
1036
966
1002
998
1065
979
970
961
1064
1006
1018
1003
1008
1029
1040
990
988
998
1058
977
1035
979
976
998
1012
1043
979
996
1055
1025
1007
1039
1025
942
1014
974
962
957
1003
979
1030
1030
1024
964
994
985
964
1014
1004
1026
1040
1021
994
985
1065
986
987
1046
1038
1009
968
1008
969
979
1053
1003
970
988
979
976
1009
978
1009
994
937
1032
1009
992
1018
980
1031
989
999
976
1022
1012
1051
1061
1039
985
1022
987
997
1054
1049
1010
999
985
1019
980
1005
1052
1016
1029
1001
1020
980
1030
1012
977
968
1037
1013
986
1039
1024
1020
1020
1026
1019
912
984
970
985
1016
1016
975
983
1004
1051
976
979
1019
1036
981
955
1017
951
1028
995
970
990
997
1041
997
970
1010
953
1054
968
965
1010
1003
1044
1014
976
1010
961
1018
995
971
1058
1003
995
967
983
1000
1004
959
989
1012
1035
996
1028
1046
1011
993
1026
981
959
1000
1024
1014
972
1003
987
992
978
989
978
990
973
1035
994
977
1008
1008
1032
971
1013
982
949
1041
995
1015
1070
1041
1022
981
1027
985
1013
1057
999
990
964
1006
1039
1051
996
960
989
976
1057
1007
965
979
1015
1012
990
994
995
1023
1026
945
986
986
1022
966
1012
980
1036
1013
1039
998
1005
1027
978
951
1032
998
1004
1001
1030
982
1008
1021
989
1006
963
966
1029
1042
1025
1006
1014
997
1029
972
994
924
1036
949
982
990
973
983
968
1030
993
965
967
998
1088
979
974
1016
1040
1022
993
1008
923
1019
994
1039
1003
938
1032
1057
1001
987
1002
1046
990
971
1029
935
975
1020
1003
990
1014
975
1009
1003
1016
1022
1046
971
952
1016
1016
972
1002
1034
905
990
950
1004
1006
1025
1049
997
1008
982
994
995
977
990
989
958
1089
958
1048
976
1007
979
1020
976
1021
1029
1016
1009
991
1007
1003
991
920
1045
986
1002
1090
985
952
948
985
1025
1016
992
1014
1050
1017
969
1039
1029
1052
976
1031
993
948
1023
1010
1012
972
1013
975
959
1060
1009
1006
1048
990
990
964
1020
1008
937
979
996
987
968
985
1032
1002
994
1002
965
1024
1016
1021
1018
1013
1001
1020
945
1011
951
1011
1062
972
1064
1045
966
988
1015
980
950
983
1011
1040
1033
1005
998
1019
965
967
936
953
1029
955
1023
1023
1003
983
1031
1010
1002
983
969
1023
989
1018
991
989
932
1016
1034
1012
994
924
954
971
1010
1025
999
989
1021
1006
1045
1045
996
969
1029
962
991
996
1014
1037
992
991
905
942
1022
1020
986
990
1010
947
1014
1031
995
1015
977
1011
957
1037
1007
989
940
1038
1009
972
977
973
969
994
999
1016
1022
1006
1050
1030
1019
990
975
998
943
1047
1100
1037
966
1016
1061
991
991
965
951
1006
956
1045
1071
966
1018
988
970
963
1024
960
960
1058
1001
976
1030
1020
985
1036
983
997
981
982
984
1011
1046
982
988
1028
974
1005
1011
1011
951
1002
1020
981
947
1050
1008
1003
998
1004
1014
1012
975
1050
1024
964
1012
1008
977
959
956
1016
999
959
1015
1010
990
984
999
978
991
1006
1003
989
998
1014
1009
1021
975
999
984
1039
951
943
1109
1010
988
997
1031
989
1010
1015
973
988
1022
942
983
983
1032
1000
1008
1002
996
1082
981
1032
981
983
1045
986
965
988
980
1007
996
1003
1010
1054
990
1038
1011
1069
1043
983
1057
1020
1015
1082
970
995
1040
1041
956
1028
994
1021
966
1063
1014
960
1053
950
965
1024
972
1027
1038
994
1014
971
984
995
955
1048
999
983
985
1021
992
930
1017
1028
1075
1025
1034
955
1049
990
995
1030
1037
988
1004
994
1017
982
1032
1005
1002
1002
932
1009
960
983
1030
1046
1028
1040
992
1015
1046
967
937
961
986
988
1021
1034
1011
1011
1043
1013
1009
1015
991
946
1003
988
1047
1026
1006
1007
1011
1034
1008
983
996
1034
1058
1042
1008
967
986
1010
990
984
1014
1006
1050
1037
1048
942
1060
968
945
969
991
998
1022
975
1032
961
944
973
1015
978
964
970
1046
1003
991
1018
916
1022
1018
1015
1038
1014
1071
1022
979
984
997
979
1034
940
1012
992
979
1014
965
1004
1012
1045
988
1050
1019
1045
982
1019
1011
985
1068
959
1008
1034
1020
963
951
980
1077
1042
982
974
987
1038
1027
1025
970
983
944
993
991
958
996
984
1078
996
997
1028
948
1065
941
1031
951
1004
1004
1029
998
978
1012
1037
941
999
939
1004
985
1025
913
960
1029
1062
1049
1024
989
945
1096
1023
1070
1007
1007
1021
1002
956
986
1048
993
1008
982
1047
1057
1030
985
1048
1003
965
980
986
979
984
994
941
994
1005
1036
1110
1005
1013
977
961
961
1013
973
1010
1028
1008
1005
1036
1039
995
976
1018
951
969
966
1025
970
1022
1034
1018
1000
1003
999
953
1029
1046
1013
999
1110
1005
991
990
1029
998
961
969
1001
1058
963
971
927
943
975
961
1002
979
1050
1024
1024
1061
973
988
959
1031
972
998
1047
983
1023
1015
982
1016
1048
921
984
994
1023
1005
981
1022
996
986
1002
1028
1077
1018
992
1005
977
978
1009
1014
929
1037
993
1028
1027
1036
989
1003
1025
1026
1002
1009
1034
991
1033
943
962
958
994
1014
1028
974
1021
1010
1033
1010
1027
954
1006
961
1038
984
972
1029
983
1016
1028
1051
1047
994
992
982
960
1029
954
987
970
988
1025
1027
976
1009
973
976
960
1014
972
1019
1005
977
1020
985
998
1024
934
955
1003
1009
991
1024
986
998
985
937
1025
968
1030
983
979
1005
982
981
1018
944
1075
954
1077
1050
994
1002
968
1029
1002
984
933
992
999
1029
998
964
974
995
991
988
1046
990
940
1051
982
991
1024
1003
985
956
983
1016
1032
1011
974
1005
975
1030
1036
1039
1020
983
1009
1081
972
1018
924
980
1039
1011
1038
1033
984
984
981
1041
1076
999
980
943
1041
995
1032
994
1032
1008
1037
1025
1059
993
1022
1005
965
1027
1016
957
961
1007
972
1011
1001
990
1010
957
943
1032
1018
999
1025
1021
1019
982
1047
1045
1010
1086
921
1006
923
936
994
990
931
984
988
1009
990
1061
946
973
944
1047
989
971
987
1012
1003
994
1013
1000
1076
1023
968
956
961
982
1001
979
980
986
1003
996
1053
987
993
964
1024
997
947
963
940
1032
1027
1008
1008
1013
1031
1001
1000
997
1035
1005
1024
979
1023
1006
989
986
946
958
1051
1020
996
991
976
1008
1036
1000
1037
994
1032
1050
1023
995
987
1003
1021
944
986
966
1005
1030
1019
1053
1010
993
1017
1074
993
993
998
1023
1012
1005
999
995
1030
962
995
1087
966
993
997
916
977
1025
921
990
1005
1034
1026
1012
1019
1009
1000
981
985
979
981
1017
981
996
1006
981
1030
1046
1004
973
1004
1016
1030
1017
989
1054
988
1004
1045
977
953
1003
1020
968
1036
988
1001
996
982
975
985
970
970
1017
1023
990
1033
994
1029
950
1015
940
967
1005
994
1069
1004
1024
983
1066
1039
953
989
994
1051
941
1038
955
1009
956
1083
999
1034
1020
1018
1052
954
1032
984
1025
1003
1010
996
983
1021
1023
999
968
1049
973
998
1008
1044
1018
1056
965
1003
1042
952
990
1043
1072
1044
1005
979
1011
1008
1001
1065
965
1017
1074
1021
1016
980
1052
943
1005
1003
987
1006
1034
1022
957
969
993
909
995
1006
1000
988
1002
1004
989
976
989
980
978
997
974
1000
1011
973
989
980
986
999
994
940
975
1028
1005
956
1018
989
960
1036
986
1075
1061
964
1005
1034
1000
984
1022
1000
1029
1002
1041
989
996
1056
1008
974
1000
1036
976
988
1045
998
1003
1015
982
1028
947
1033
992
1000
951
1035
1028
1030
1015
989
996
1006
951
957
1003
980
992
1007
1046
988
986
995
993
1037
998
1032
989
1048
1023
1023
979
1008
1009
992
994
1033
1054
975
1000
986
1022
1021
986
978
1009
993
1022
1024
978
975
974
993
1059
1006
1037
1000
1042
974
969
988
964
1026
986
974
1046
985
1002
984
993
1032
1034
1007
1014
969
1009
982
1023
987
978
1014
999
1033
978
1015
1019
954
1039
1009
960
1040
973
1055
1021
976
981
1018
1035
971
975
1029
998
978
976
969
1005
1007
1013
996
923
943
1063
1016
1014
1040
948
949
1024
980
1015
1013
959
967
1037
1061
1010
976
931
1031
1083
981
1068
942
1012
970
1046
1029
1018
1016
976
998
1004
1018
1004
1074
1061
958
1029
977
1004
960
927
1055
1003
995
977
994
930
1023
974
999
956
1047
991
1025
996
1046
1056
1010
969
977
948
990
1029
965
972
956
1001
980
1013
1008
996
1010
1025
1002
1019
982
1013
1006
1022
974
1023
942
997
1027
986
953
1042
1047
988
1046
1007
943
1010
1007
1018
982
1051
997
1035
984
998
981
985
1011
933
1031
1027
976
1007
962
969
994
979
1025
1019
1031
958
1057
1020
1002
932
992
977
928
1006
986
1063
1025
1028
1014
1056
953
993
1006
1025
1074
1063
985
983
987
959
992
945
919
1015
983
1004
959
980
1004
1008
962
1018
1007
1050
998
1020
1037
971
997
1037
934
1007
991
1037
1002
1005
1004
1012
959
972
1085
965
980
1026
981
1005
994
989
942
1030
1007
1008
1012
924
974
1032
993
1038
973
978
1018
1019
1026
956
999
1011
1016
1066
1046
1057
979
990
994
943
985
984
1020
980
990
1013
991
1008
1078
955
983
988
985
989
1032
1013
1036
1048
1075
1012
1071
981
960
990
988
992
1002
1012
1056
991
1031
961
1011
1000
948
1036
955
981
1001
1025
954
1006
1022
1013
996
940
1042
1035
1002
972
1019
988
1038
974
1022
1029
1037
949
960
1020
1031
1034
997
1025
960
1048
1019
966
985
1006
996
1016
985
984
1020
930
961
1050
996
985
1059
1010
988
986
971
963
975
1000
1038
1032
976
986
965
1008
1028
1017
990
1012
980
969
1001
991
998
1032
964
1015
1037
944
957
1028
1008
1017
958
1061
1055
1028
1010
1001
962
1041
1017
1027
1036
1000
996
1024
983
1027
950
1018
960
1004
991
1049
986
1007
987
1014
921
1010
1018
980
989
989
1008
967
990
1002
992
975
973
974
1009
997
977
961
976
972
1019
1012
992
1022
960
996
922
997
982
1015
996
993
1010
1033
1019
982
1033
1007
1007
1060
985
987
980
1020
988
968
965
1014
969
1019
990
971
1028
1000
989
994
1025
1017
963
1048
1015
911
1004
1020
999
990
959
1032
955
1021
1023
987
1066
1014
965
982
992
995
984
1006
1007
943
1011
1000
1026
1030
1009
962
1028
1000
967
1004
978
989
1061
999
949
990
988
1031
1001
1013
977
1058
975
1036
1051
1055
963
1011
992
1046
981
1011
976
1015
993
1022
999
1009
1049
980
1013
930
937
1052
952
1009
1044
996
1021
979
995
933
1017
980
1010
1034
1033
1012
986
1027
1046
992
1011
984
1035
1032
1056
1028
1017
1023
972
1004
965
940
1025
985
987
950
960
1006
994
967
952
984
1017
998
1003
1020
973
948
1054
946
1035
1035
1009
1017
1037
1013
965
1037
953
984
966
1007
962
949
1031
965
970
980
964
1028
958
1007
996
974
1000
992
1039
1004
999
981
972
1004
956
1053
1001
986
1018
1080
990
966
1001
969
981
953
1056
1003
966
971
1025
981
1017
966
998
993
1021
987
971
1017
996
998
1049
1000
986
947
967
1008
957
1007
1034
1047
1038
1003
989
1027
985
990
1007
1035
1016
1014
968
996
996
1057
1024
1002
1030
1020
996
1037
1067
1009
987
1026
1040
993
978
1019
1032
1020
995
969
978
993
979
1031
993
1008
978
965
1013
1002
944
1005
986
1038
972
988
1008
1019
1044
953
998
992
952
1006
983
1055
996
957
987
942
1018
1012
936
917
1001
965
960
991
1020
1014
938
1050
1083
1031
994
974
945
1054
1001
1067
961
1037
1047
947
1002
1029
1005
942
991
1020
996
1003
1008
964
1010
1017
1002
982
964
983
1001
1010
1014
954
986
1007
1077
1000
1006
995
1019
1025
938
998
978
1030
1057
1031
981
1073
1054
1023
1006
1018
973
955
1048
1013
1015
1033
1010
995
1005
1087
1016
1032
1000
1009
1014
1037
1094
974
1006
1005
983
1051
992
997
1049
973
991
1020
1018
1004
980
973
1008
1029
988
1038
1003
940
939
959
1019
947
944
1047
1013
968
1027
1061
1018
968
980
970
1035
1057
1000
992
1073
999
945
989
992
999
1059
977
995
1038
1002
972
1012
1012
1027
1013
913
970
1039
993
979
976
1045
1055
986
1064
1009
1008
1003
1050
993
1005
1056
984
1012
968
996
1014
995
960
971
1021
940
1014
1022
965
989
971
1000
979
1011
1010
1042
1050
1042
1013
957
977
965
981
1029
997
1039
1027
997
959
1002
975
983
952
984
990
998
997
955
1028
973
998
953
1055
1036
997
979
1001
978
977
1026
963
987
1023
988
1020
1029
1058
1060
1007
1057
1074
1015
985
992
981
950
1046
948
1051
996
984
973
1016
954
1017
1012
1033
980
1032
953
968
1025
1048
1013
1018
918
1040
1039
969
998
991
1003
1003
992
948
981
972
1020
1021
1008
1013
1057
1051
1032
993
1026
1015
997
1030
1008
1012
982
1006
977
995
975
1046
1007
1009
1008
993
972
1002
1001
1016
985
979
982
1013
1082
1008
977
1008
942
964
994
1013
1022
1024
1017
1040
972
1048
1002
1006
1007
955
1012
999
991
997
997
1045
995
959
995
989
907
963
1037
988
1026
1007
998
1003
980
992
1021
988
1003
1006
974
990
1007
992
983
1014
969
986
945
981
997
972
990
1019
1019
966
1052
1053
1016
948
996
986
991
977
991
1038
995
1063
945
991
987
982
1028
990
999
954
995
1087
1000
997
986
985
1015
991
956
977
995
979
1000
990
988
1018
1044
1031
1032
976
968
990
979
1053
1016
1019
989
999
973
1017
977
966
984
976
985
993
966
974
1025
1032
973
1026
1003
979
953
948
981
986
1008
1018
998
1004
1019
986
1007
942
995
959
1010
1016
994
1035
1007
1025
1007
1014
1053
985
1009
957
976
1021
974
988
995
969
1015
983
948
1036
968
999
1042
1018
1009
981
991
1003
1041
1036
955
975
1002
1041
1032
993
996
1022
1037
982
993
965
1071
976
997
1005
962
1050
971
966
934
1027
1026
980
960
1003
1013
1046
976
999
1028
1005
1022
1046
1035
1009
1039
972
1003
1019
1027
975
1061
1053
947
1007
969
1066
1001
966
1050
1040
978
935
969
1027
997
1010
964
973
978
979
1001
960
988
1015
1004
965
928
1057
971
996
1029
951
992
1016
1013
972
949
965
1003
1002
991
1031
971
980
974
994
989
1037
976
959
975
986
1020
1016
965
967
1011
1001
1035
1044
999
1029
995
968
1019
1094
992
965
1028
983
1062
999
1040
944
1020
990
966
1078
1073
1021
921
959
960
939
996
1051
1040
1002
974
955
993
997
1025
992
982
992
1040
994
1035
969
997
1054
1002
1039
995
1034
1010
1039
1050
1077
981
930
972
956
1025
1023
984
974
1003
982
987
1007
986
975
1011
995
945
958
924
986
984
966
1015
988
1048
1020
993
995
1054
1024
1005
987
981
1031
998
1005
1016
1068
982
1006
989
1004
978
1007
1080
1021
981
928
1001
948
1045
999
991
972
971
978
994
1022
985
969
987
975
1012
995
971
990
991
975
950
971
924
972
960
1000
958
997
1003
951
984
990
1047
1026
1059
1018
978
983
965
980
974
1045
1004
1036
1012
973
1037
1000
941
993
1056
1010
1014
1076
978
1034
1041
977
984
1036
1041
980
968
1038
976
1071
999
1004
1010
1007
1031
960
959
1035
1055
999
944
1031
968
944
1048
977
1016
1009
980
1001
1024
989
1049
1016
1086
1012
1049
931
997
1048
1049
1032
996
959
944
963
993
992
1018
995
1005
1017
1060
945
1053
1044
999
1026
1021
982
999
962
1008
1021
1016
1018
1014
944
981
1051
1050
1002
1009
919
1004
995
960
1035
1027
1020
1021
982
1016
1000
1000
1011
1039
924
1046
978
1050
1030
960
1038
1019
1052
1037
981
949
982
1016
982
1031
992
1029
998
971
1016
1058
978
988
986
959
991
1004
972
944
988
901
1026
947
1004
975
1016
972
989
1118
1046
993
1069
990
1000
991
1001
995
963
1013
997
1019
983
961
972
970
995
1017
989
981
1011
1031
1011
1019
1022
1011
1000
1012
947
1003
1045
996
993
976
961
963
1048
957
985
1027
1044
1048
1002
1002
948
1042
1030
986
1014
974
952
980
1000
974
1003
968
1036
1030
1087
1046
996
962
1045
1009
1048
1010
1022
980
975
997
1013
1025
990
1020
995
993
1016
944
1005
1029
1028
1003
1035
1018
981
1000
1008
1008
983
990
1023
1007
1040
974
1035
1001
1007
1002
1039
1031
1030
990
1008
1014
984
1049
1049
954
1007
955
1026
1059
964
1006
966
1001
1018
942
1017
1045
1017
1009
1034
984
983
992
1017
1038
1010
1012
993
1005
980
989
1008
977
1003
995
985
981
998
1037
986
989
1038
1067
1023
1002
1058
1014
979
983
1022
1009
1014
1036
1000
970
1004
995
987
1004
975
988
893
1073
1031
986
996
1093
975
984
1011
1037
1021
983
1035
986
974
1014
1026
1015
1046
992
904
986
905
1002
1004
999
1020
990
980
1009
1023
1015
1033
964
970
979
974
978
955
965
969
971
999
947
1057
974
956
987
1020
975
1021
984
990
1024
1012
1013
1025
1044
1013
1026
998
992
1023
993
997
1060
988
1065
1016
974
1001
983
1056
1011
1014
977
1035
1020
971
944
998
975
981
994
981
1028
958
992
982
989
995
983
1021
1076
959
972
970
986
1004
1011
1039
970
995
1015
981
1002
1002
1014
945
995
1055
1037
998
988
969
1005
971
984
1004
970
1016
988
976
1030
1002
1038
996
1059
1053
999
1018
1030
938
943
1047
947
1015
955
1023
1013
1048
1025
989
1021
999
977
984
998
979
1009
1018
1064
944
1045
1000
966
1008
1007
1048
1018
1005
973
984
999
1019
974
966
978
970
987
981
995
994
1017
996
1029
958
1031
992
1018
952
1030
969
969
990
1024
971
1030
954
1005
1031
962
1030
985
997
1019
1040
1008
973
986
981
998
1020
988
1031
949
985
1053
951
1021
978
1061
1009
1020
1020
997
978
983
1005
978
956
1024
997
967
1036
973
1005
1011
1017
1000
992
1008
990
1023
1019
1003
1013
973
1015
978
982
1066
936
992
1000
1043
980
1004
1001
991
999
1000
970
1007
947
974
1009
967
984
961
962
1000
978
983
1012
1036
1013
961
941
982
1067
976
1048
988
1022
982
1026
1039
955
988
994
971
991
1030
959
1006
967
1007
978
1027
1012
1025
957
1005
1002
957
1087
1023
926
987
978
962
968
1032
1033
1031
944
992
959
1055
1029
1015
955
1033
982
1010
930
1012
973
1054
981
991
1020
984
998
989
1003
964
1063
1045
977
968
1031
984
1014
980
973
959
1009
1016
974
1031
1032
1019
981
982
1045
980
988
1002
1019
1031
1002
990
1021
964
941
1011
1016
967
966
988
980
1031
992
1018
985
974
973
1038
983
995
978
1005
1014
1035
990
993
1055
983
978
1028
998
1030
971
963
1000
990
942
1048
1014
1051
999
1007
1051
983
1025
940
968
1030
917
1045
1019
992
956
1002
1025
930
1031
1006
968
1005
978
983
1021
981
964
1027
1015
972
972
1031
999
1038
978
1012
967
936
1003
977
1029
987
954
1017
1027
978
998
958
994
965
1005
915
941
993
986
1010
994
1010
1018
1017
1032
1018
966
979
1072
1010
1051
968
968
988
989
995
991
951
979
986
960
978
1002
987
977
979
976
1003
1008
1069
986
1028
1022
982
1021
1026
987
979
982
1002
1038
1014
999
995
1000
1028
960
985
1025
1029
970
1025
1019
1003
1016
977
1019
1004
958
1051
1022
990
977
1029
981
999
972
1036
1018
1013
984
1010
1027
975
967
954
998
976
954
977
1002
1018
939
991
939
958
992
941
1042
1026
1035
990
1007
984
1009
1015
1005
971
971
1020
952
1016
989
1045
1003
951
1023
974
998
999
1015
994
984
974
1031
1017
1003
993
996
979
923
1047
944
1003
1012
1050
981
994
1004
969
1026
1003
961
915
1027
972
1039
1040
990
1040
998
1017
984
976
976
977
985
945
946
1010
975
998
986
1057
923
1013
1086
1011
971
1018
1005
1020
977
989
1026
1017
1001
981
973
968
1006
995
1013
965
1022
946
1069
998
1001
1045
944
1009
1044
1028
1048
1009
1012
1028
1053
1032
1033
1031
1001
1031
1037
1024
968
981
1004
1038
1006
1022
1001
963
996
1090
995
1071
963
934
1000
1033
1032
978
1019
1030
910
1018
1038
975
992
952
1030
990
975
1019
1015
939
1008
964
996
1017
1041
1037
976
971
996
1002
956
993
972
968
1004
1001
1014
1031
1036
1029
998
972
960
1030
997
1023
1040
942
1022
1045
1005
1028
991
980
1014
1045
994
1033
1016
982
984
989
1017
971
992
1010
1033
971
1002
990
985
1023
1040
975
1073
1012
1031
1069
1004
1020
1045
1060
994
1011
1021
981
1027
988
1006
974
1018
1004
1033
975
1006
943
972
959
953
995
1045
1006
1002
1018
1014
1018
982
979
1038
1029
981
1010
998
934
999
979
1035
967
1004
1012
1034
993
1010
1002
995
1022
970
955
981
986
1014
946
1051
953
962
1049
979
956
945
1011
962
1053
998
948
1047
937
989
1035
990
1052
1002
1017
1045
1012
1015
1008
983
978
1056
1018
1047
1000
950
1001
951
926
1018
985
1049
960
988
1043
971
941
999
1020
992
1015
1019
1024
1075
1030
1007
957
1035
1017
1002
1012
972
1033
1004
1022
962
1000
1003
1005
1008
1055
1003
1009
1051
958
1044
958
987
1025
984
984
1017
1014
1085
1024
966
997
1014
989
1019
999
1069
1023
1067
1022
1010
991
953
967
1041
989
1013
990
1017
999
1022
973
974
960
1021
977
943
991
1019
1007
964
1019
991
1031
978
981
975
1043
1010
983
962
1010
1012
1011
1010
1045
1017
1003
959
1062
992
1001
965
985
963
956
966
1008
997
1047
1035
1001
967
986
1069
963
998
986
945
1015
937
972
1016
979
1018
1033
1053
1013
975
944
991
984
1019
998
984
1023
998
1015
998
997
964
968
1001
991
961
1048
988
1012
1011
995
975
1008
991
1041
966
1007
996
1020
1037
1019
1014
1031
1065
984
1022
1004
1033
1000
1009
1020
974
973
1030
1003
981
975
949
1004
996
1047
957
1032
1006
997
964
1014
951
955
979
969
1023
1003
995
971
960
1042
956
1022
984
954
993
989
994
965
1030
985
977
1009
1002
989
1028
1010
990
1003
1018
990
975
1002
974
1048
992
1024
987
989
1042
1004
1016
975
977
1003
962
984
999
1035
996
1002
974
1051
987
959
1056
958
1020
996
1008
1007
975
977
1036
1023
1058
1019
1084
981
948
1005
1040
999
1035
981
1026
1018
1035
968
997
1056
995
971
962
968
1039
1017
1027
1000
969
1031
1010
977
984
1027
1048
1033
937
990
1012
978
978
916
1019
986
1011
1004
1042
986
1019
1018
988
964
1055
994
1027
1037
922
925
999
1008
997
1018
995
1062
1006
1005
961
1019
998
968
990
950
958
1004
986
975
1009
1028
1008
985
976
950
1010
1033
1002
1034
1043
978
996
1027
969
996
997
983
1045
1003
1040
985
977
1016
995
989
1043
983
1049
939
995
1009
1055
1021
1024
936
1001
1071
1006
990
1006
1026
977
994
998
943
1067
1014
957
994
1051
980
992
1052
1024
984
947
951
1049
1008
1057
1000
990
982
1019
964
970
1001
996
995
945
983
967
1030
999
991
986
995
1064
1023
968
976
999
983
982
1063
1021
1042
1022
1013
1012
982
1010
1020
1052
976
1013
1029
981
997
1000
1026
1070
1044
953
1028
1011
982
1008
980
1012
1011
1037
1028
1058
1025
997
987
969
1050
999
972
976
981
953
963
993
971
1065
1043
1016
1008
1014
968
972
978
1023
1036
986
981
1036
986
1012
1003
984
1015
1038
939
918
1003
1034
993
981
1006
931
1046
1007
1044
1010
1021
989
1030
957
1021
1048
964
1025
908
992
1038
1000
1019
1024
1027
980
997
1029
1039
1027
977
970
993
978
965
1023
1004
990
1002
1025
1044
1011
987
986
1001
1036
972
993
1035
1066
978
968
967
975
969
1000
969
1000
974
1024
1000
947
1016
995
974
989
990
1007
1028
1021
980
992
951
1020
938
977
1005
1047
1003
995
991
1057
992
1029
979
968
1001
1055
1029
994
971
1029
1024
1007
977
969
915
1062
978
1035
985
1000
945
965
1003
922
964
927
1039
1005
1012
1025
981
990
961
1026
1034
983
1035
958
999
1016
973
982
1003
966
1018
1024
1022
1044
1011
977
959
979
976
1011
995
1024
1005
971
1070
969
1024
1029
976
970
1004
1027
1050
994
1024
983
961
995
1030
1001
959
1037
972
961
1022
1011
978
964
1009
1057
989
1031
1006
999
989
965
975
951
979
1002
1039
1001
1021
1002
1010
997
956
991
1021
993
1017
1000
1010
1006
962
997
968
1015
1013
991
962
1004
974
1022
1006
1072
1047
1033
1032
1008
991
1001
969
1000
1035
969
976
924
992
1015
1011
1020
982
1024
1003
965
988
944
1033
954
965
1026
976
1018
964
938
1004
1015
1021
1068
1027
1006
955
969
1029
970
979
938
954
1038
951
991
981
990
1003
972
1021
1019
981
962
997
971
943
1027
1038
1024
936
1002
1017
989
982
1031
1011
1019
983
994
960
1048
1030
987
1024
972
1005
1058
1012
956
980
983
1014
1002
985
1008
994
979
964
1045
946
988
1032
1014
979
980
993
997
1043
1025
1052
1092
1041
1001
1048
984
1052
1007
998
1037
981
980
983
977
1012
995
1029
1007
1051
1027
1005
998
970
1017
1018
1011
1015
985
1022
963
1039
1011
994
961
990
941
1072
972
981
1022
998
959
1012
993
1016
986
1004
1042
952
967
996
932
998
977
989
979
966
1080
1023
1012
1039
1008
1010
995
996
967
1035
956
954
992
956
987
1056
959
915
956
984
1010
987
963
987
1002
1015
1005
977
1000
1013
1014
955
981
1008
991
957
1008
1024
1032
987
1012
1053
992
1006
994
959
1030
986
1040
1028
1016
988
990
983
1033
1003
1008
1001
1053
1029
969
972
1014
1034
959
987
991
1000
1026
992
1080
993
1001
1036
943
1088
1039
1013
997
992
1009
956
968
980
985
984
988
1040
952
1024
1025
984
979
1014
1015
991
991
1035
953
972
961
1035
972
987
984
1042
1008
1019
1058
995
1022
1018
998
974
959
992
996
1022
1041
1011
1010
1037
977
1052
996
952
1039
1042
972
950
963
1019
987
1084
997
1025
986
1019
955
1025
983
978
1014
994
1017
931
983
989
1040
1030
970
1014
1028
1067
1005
982
986
1062
956
1010
988
1019
1056
1001
988
996
982
1020
1019
990
984
998
986
994
1006
988
1041
971
937
1013
966
1057
1045
941
1002
1003
982
944
987
982
947
1018
1091
993
984
1012
1015
946
960
978
1002
1073
1011
963
994
1024
1017
1025
1037
974
1041
993
1002
1035
1022
974
980
1008
1032
1002
969
1000
997
989
1003
1030
928
980
1025
962
1006
1001
949
958
997
988
1019
1014
985
947
949
1103
1040
1005
1005
969
1025
1000
1034
1030
1022
976
1010
1035
1007
1011
996
954
987
952
1007
1007
983
1005
1039
977
951
1041
985
1012
985
974
1037
1038
985
998
1070
981
962
1041
1062
1006
1019
1001
951
961
988
991
1022
1020
1028
971
1037
1059
955
1015
1001
997
976
994
979
967
1037
1033
1004
997
1060
959
1041
980
1014
933
1032
1073
987
962
1016
1009
961
1028
993
1065
1033
961
944
996
996
988
991
1011
990
968
892
988
983
1023
1015
981
1007
975
987
1023
926
993
971
1090
1008
1011
987
1040
982
1028
1052
994
998
1046
983
1051
1009
1054
986
1014
1004
989
947
991
1082
965
1033
1066
985
1078
986
982
992
969
1022
1019
975
1002
1007
1005
937
1050
1058
983
993
999
1051
975
988
1025
982
976
994
978
933
1012
991
1040
989
1002
958
987
956
980
1042
1007
1015
972
994
1045
1011
1053
974
1013
1024
1038
992
981
976
939
933
983
1070
1006
976
1020
1013
1042
1018
999
993
1048
1058
1032
1032
976
1024
1023
962
976
997
975
989
952
981
1036
998
918
1009
1033
1022
1023
1032
978
978
1006
947
1013
1046
1050
962
1024
972
1000
928
973
1043
1016
993
966
958
1018
1032
1011
1035
1036
966
1052
1034
1029
1009
1002
1049
1051
977
989
978
993
1045
1027
1014
931
1129
987
972
1017
1012
986
1025
1009
1029
1075
970
964
950
994
973
953
973
1012
1042
1013
1039
1020
952
1038
956
994
946
1001
1018
1001
970
1009
1006
1029
999
971
962
985
1036
987
1017
1006
997
1057
1021
970
987
1027
998
1025
1032
1031
970
1035
1009
1001
978
1013
959
1010
1014
1028
986
931
982
959
995
898
972
981
966
1000
973
1022
1070
980
972
986
988
994
1017
1042
956
1031
1030
973
1033
1015
1004
997
970
1046
983
1014
1054
1006
1037
1031
1078
994
969
1020
1031
1011
1040
1013
990
969
1009
1045
1000
977
970
1010
972
1054
1002
994
993
1059
1027
958
1025
1004
951
928
1066
999
951
1030
1002
1005
994
1018
1041
985
1044
984
975
973
1011
1007
1032
1010
995
1001
1039
1040
1023
985
992
982
1066
1009
933
996
979
1016
992
1011
1001
1006
973
976
999
998
1035
1003
971
989
1066
986
994
1032
968
975
1022
994
985
1039
966
1026
980
1003
977
1020
996
1056
1044
987
1026
1015
994
1044
969
1017
1055
1022
1006
982
1056
1011
925
989
966
962
954
1002
974
945
1007
1049
1061
1000
976
1043
1006
970
1029
972
1044
948
1027
1067
938
975
1015
968
986
1047
984
946
1006
1025
1008
987
1033
975
1021
1006
972
992
966
995
985
993
1021
983
990
946
977
964
948
998
1049
967
982
988
1055
996
915
979
1045
986
967
1016
1006
1019
955
1056
1002
971
963
969
970
958
1004
970
950
1032
993
1016
992
952
990
1059
1003
1010
996
1022
980
927
976
967
970
988
1000
1062
1014
983
996
1020
1034
1015
1006
1000
1022
1052
977
1003
986
1021
961
1021
977
1019
994
1019
1029
946
984
981
1000
1034
999
971
978
968
964
947
1016
977
1010
944
1008
959
1032
1004
1078
977
958
937
1024
1000
1016
1054
1017
973
979
977
1028
1013
973
1023
999
948
940
954
955
940
962
995
1006
956
985
1004
1006
995
1056
1024
981
1047
1065
1027
1022
968
1008
1031
995
998
1031
989
999
956
1009
1043
1035
972
1018
1004
963
996
964
980
985
1040
948
935
964
991
1045
1049
1048
952
1028
1057
1044
990
1005
1023
1018
983
1017
986
1061
1009
975
1010
925
1014
978
1013
990
968
1005
944
934
1032
989
994
950
980
1004
1024
968
971
1015
918
981
971
973
1031
997
986
998
1013
978
999
1033
1029
1023
988
998
971
1008
984
1037
957
992
961
1004
1029
954
1026
983
1036
1003
947
1013
986
969
989
949
1018
924
1006
1038
1030
950
1034
1008
1007
990
990
1006
944
1012
1001
994
968
1032
1038
1013
1034
957
995
1038
1006
1026
991
1017
1035
1069
985
986
1030
1024
942
1024
925
957
1040
984
996
1036
1009
1021
977
992
1002
1003
961
1004
1032
997
1000
1005
1019
1002
999
952
982
1019
1000
913
1002
955
1022
977
978
1002
948
1017
1015
986
1001
1018
987
1039
983
963
997
971
930
986
991
1030
992
928
980
1032
951
978
979
982
1048
975
997
1029
1023
1040
1013
1022
988
1027
970
972
1032
958
996
983
1012
1042
908
1016
983
989
984
1007
968
996
1027
975
1028
1056
1030
1007
980
1031
931
1011
997
1037
1012
972
990
975
1003
1079
1001
988
970
1008
1005
990
1060
1026
1015
983
1004
1054
929
974
1065
1042
1040
970
998
1035
1033
1003
1044
1027
942
964
945
1058
956
1059
1023
988
1023
992
946
1038
994
991
975
1024
1015
988
982
1010
1033
988
1060
947
981
977
1025
1006
925
1034
952
971
977
972
931
995
1014
1008
948
1002
974
934
950
1033
1050
1009
976
1011
1001
943
1022
1036
959
947
1039
1032
957
1033
1014
998
1019
998
1032
944
1018
1009
1041
990
1005
981
1008
1022
965
988
996
1044
975
1016
1008
1016
1047
990
947
983
1007
1053
977
1018
1025
996
1015
1012
1010
1002
1078
976
1027
1018
1043
1017
1008
972
987
1020
999
968
1020
934
1011
968
981
959
988
1018
1011
959
1011
969
1021
1029
987
1006
1010
1006
920
1007
1026
995
971
999
1041
960
954
1007
1008
957
975
1018
1010
962
1018
968
1056
1029
1033
1020
989
1046
1060
966
976
978
939
976
986
1038
1017
1021
1024
983
974
998
1001
980
970
1068
1015
1024
984
1020
1004
1072
1027
1020
1011
983
976
1013
1015
976
1050
1005
1034
1033
1039
1009
1015
1023
1008
994
1071
978
953
1024
1028
979
995
1033
958
1015
1036
1009
1042
969
1054
1065
962
1025
1009
957
958
1012
987
991
989
1045
1031
1007
1030
992
991
944
968
986
918
1040
991
957
967
999
1017
1022
1061
1058
962
1014
1039
1041
991
1005
1026
983
998
967
969
923
1000
992
952
1009
975
1031
1045
950
1012
982
996
1008
1010
954
1030
1029
998
971
975
983
1044
1013
974
1038
990
1008
1003
1036
939
992
1012
1004
1003
1103
1031
987
1071
1031
993
1035
979
966
1032
974
977
998
1008
986
995
1024
987
970
956
1030
965
999
1010
1008
980
1003
964
1020
1013
934
1014
943
1018
985
1012
1049
944
1012
954
934
977
952
1068
1003
1010
1004
1021
1027
998
971
1007
981
1023
1015
1011
990
988
976
1028
1010
948
989
993
961
1008
1016
1041
1036
1013
1029
964
1029
1006
935
987
1025
994
1005
973
1003
954
1044
1037
971
962
1024
1026
1023
992
1033
987
1026
1008
993
976
1030
989
991
1021
943
977
933
1019
1039
994
989
935
950
1016
1000
1026
997
1033
1016
1028
982
1012
974
1043
934
1002
1004
1056
982
997
1055
1000
952
1043
933
996
924
980
976
963
1013
1011
965
1000
996
965
958
992
985
930
1019
1027
1038
1018
972
980
1000
1026
1027
1009
1014
1008
981
956
948
1003
1043
999
1003
936
988
1012
987
1008
984
998
973
1009
998
967
1033
972
987
1060
970
964
1045
1000
1005
1025
992
1037
986
1015
989
1049
968
976
991
973
1071
1020
1002
987
1050
962
954
954
1050
997
1013
1009
1022
977
970
1014
981
1026
1013
1040
1043
1009
1037
1023
988
1004
1025
978
982
1009
1058
967
1027
993
1000
1041
993
982
1018
997
989
988
1020
1014
1064
961
1034
1003
1002
968
1011
1040
1019
997
962
1012
936
990
1057
998
1004
1013
955
1027
997
977
1017
990
945
980
981
1034
972
964
1013
1020
995
960
1015
982
1003
1017
1049
1038
989
972
993
990
1051
1026
946
1023
1083
999
1032
1028
1042
1013
989
991
1067
1043
1003
1057
1066
1008
1003
981
995
1025
1042
1009
993
1032
1004
963
986
1050
1015
1017
986
1044
983
972
1026
994
1012
999
1037
966
996
1009
1002
1032
977
1077
1003
948
1013
1015
977
968
1012
959
994
1034
958
1009
1035
960
945
1029
989
979
1038
984
963
1000
998
984
989
1069
1023
984
965
1004
958
1041
1031
983
981
978
986
1020
963
969
979
987
1021
1001
989
999
943
976
992
980
1058
991
1026
1050
1005
963
978
995
953
970
1025
1065
1040
1016
995
1017
968
1031
962
1010
934
977
1046
1034
1009
1014
1022
1053
1060
978
1011
1017
984
1001
1038
944
1039
1001
982
1008
1043
997
968
1049
972
1049
959
985
960
955
1000
960
1050
986
1002
989
953
1092
987
964
974
1001
1021
1066
1036
990
1034
