102
105
91
106
113
93
99
123
97
83
105
94
134
113
121
92
103
90
92
98
85
102
84
106
105
100
92
92
88
97
98
113
83
103
110
90
105
102
111
96
93
116
108
83
113
114
97
101
108
105
110
91
107
104
126
87
99
99
102
114
103
103
99
82
100
106
74
105
80
104
102
86
116
102
84
101
115
110
82
89
89
100
77
104
83
87
110
115
98
99
84
104
92
79
105
100
99
90
103
105
109
108
92
104
110
111
90
107
99
99
88
109
109
111
96
115
97
96
105
112
84
93
108
112
103
96
100
95
104
105
88
97
99
117
87
117
112
96
106
98
110
106
121
81
103
106
110
108
114
109
85
91
96
115
96
88
94
102
96
122
92
86
99
100
96
99
99
106
107
110
103
111
101
107
95
84
91
100
106
85
114
109
82
95
92
106
111
116
112
93
89
111
98
95
86
96
91
104
100
92
91
95
91
96
84
97
95
92
107
95
101
107
87
106
112
103
95
101
95
112
112
88
91
96
97
91
97
110
86
108
112
97
98
110
106
105
102
93
119
88
108
93
121
126
79
88
91
100
89
92
93
94
84
92
98
105
109
82
89
100
84
96
99
114
100
105
90
85
97
90
90
93
101
115
111
100
90
85
103
103
100
101
104
94
100
104
89
110
106
100
88
88
124
110
104
113
102
83
102
101
111
105
94
92
119
89
106
86
94
98
97
112
81
85
119
87
103
104
110
109
82
102
88
100
99
105
113
67
91
119
106
87
108
100
94
100
101
104
92
107
83
110
80
96
116
94
86
93
91
120
99
113
105
97
100
97
103
107
111
94
108
113
106
107
102
113
117
97
121
109
121
88
103
90
110
102
95
97
99
115
96
95
91
87
107
106
109
112
97
97
114
85
89
114
92
95
93
110
109
85
98
119
102
107
88
87
84
116
96
112
115
112
80
111
112
104
97
102
95
99
98
104
112
102
100
90
103
106
101
88
104
95
115
99
88
91
112
107
72
85
104
88
112
92
107
102
114
105
99
88
100
107
92
103
100
132
110
98
93
96
92
90
105
107
106
105
97
100
96
99
90
113
111
98
97
108
98
111
101
91
100
95
104
100
109
102
100
106
107
98
109
99
117
107
104
100
95
110
85
88
106
91
90
112
90
99
90
94
96
94
95
100
96
112
114
96
92
98
100
90
97
108
82
101
95
95
93
110
111
107
93
110
107
90
113
97
97
109
95
103
93
96
108
101
104
113
102
117
104
115
93
105
101
93
89
93
89
88
114
96
102
93
105
106
112
115
97
110
81
97
108
102
83
101
92
95
87
94
104
96
110
97
83
105
100
91
98
120
110
109
100
92
108
106
99
105
89
112
90
116
104
100
103
106
124
102
75
82
73
93
104
109
91
112
99
99
85
104
123
67
106
112
93
122
93
92
95
97
115
98
106
94
97
90
97
102
116
95
101
97
118
100
96
93
116
110
103
92
109
72
104
101
106
107
113
93
96
114
116
88
87
103
108
95
87
91
103
88
88
104
111
89
103
98
100
108
99
107
87
91
103
105
96
97
94
97
82
96
97
89
97
108
89
112
118
79
101
106
104
102
99
109
96
109
114
122
110
91
95
99
116
98
115
89
104
97
100
94
94
88
102
110
102
99
93
109
101
102
111
96
108
106
84
109
98
113
112
106
103
93
96
106
82
96
83
104
106
105
92
122
104
97
109
96
111
83
111
80
108
116
86
120
108
87
101
107
86
106
90
89
109
96
98
109
101
104
99
74
84
97
95
96
102
100
98
100
94
102
93
90
101
97
85
96
90
95
121
86
116
97
100
109
88
99
104
124
95
95
108
90
99
95
114
82
92
97
112
105
99
107
88
100
95
98
100
86
77
110
93
98
75
102
84
85
84
101
121
90
103
114
102
112
77
100
92
94
96
100
114
93
90
79
116
106
112
83
100
106
108
98
106
94
101
92
104
77
96
91
101
111
106
119
106
109
108
112
109
102
102
111
104
123
101
102
98
109
83
105
127
113
114
99
89
116
85
85
118
94
91
98
92
101
104
80
92
115
112
101
97
98
109
102
93
96
99
95
110
89
117
80
89
100
121
95
102
82
89
102
108
99
104
106
91
96
92
110
115
118
95
105
102
99
99
100
98
106
92
97
101
98
84
115
83
101
108
100
107
86
86
93
102
95
93
105
101
120
95
105
95
103
104
98
103
103
94
101
97
91
102
106
101
81
105
75
99
96
97
102
118
101
96
107
96
97
109
95
105
104
75
117
