102
98
104
84
105
98
92
118
92
105
107
113
106
97
96
76
102
102
107
121
98
111
93
100
100
90
91
105
91
83
95
104
103
98
95
130
86
89
94
99
94
109
95
103
95
91
94
93
92
102
104
102
90
103
127
99
106
95
93
88
113
104
98
103
97
109
84
86
104
111
110
96
116
102
93
91
102
91
105
111
100
103
96
97
93
91
102
122
86
111
105
102
119
96
111
91
87
91
105
110
101
112
91
102
111
117
108
108
93
99
94
113
106
110
105
91
94
111
96
114
102
112
95
91
98
89
115
94
93
103
79
103
86
122
122
105
97
105
102
89
105
102
103
102
101
107
114
87
104
105
86
97
101
102
101
91
103
77
103
110
117
105
93
111
109
89
86
105
79
88
100
104
85
105
93
92
112
99
108
110
99
95
110
111
116
108
105
103
99
98
106
97
86
118
113
94
118
101
105
86
85
128
82
96
90
102
88
80
105
118
126
98
103
99
93
111
99
111
101
123
92
102
102
94
77
89
111
102
94
108
89
84
101
92
106
121
104
85
84
100
94
90
82
104
103
96
95
89
95
95
92
100
125
108
97
88
95
99
97
102
104
111
115
114
105
100
119
94
89
97
92
102
92
92
108
87
127
109
108
100
107
101
96
80
98
96
72
104
119
82
92
89
90
107
104
96
102
115
86
86
93
115
110
94
91
96
101
95
93
91
120
102
96
80
94
92
92
99
103
96
85
86
92
114
93
106
105
111
108
94
102
100
105
93
97
106
96
93
109
107
102
104
99
98
99
102
118
98
106
115
108
101
108
123
108
93
103
112
113
106
105
102
95
114
81
93
91
101
92
91
87
113
103
97
95
102
100
110
112
90
103
101
92
95
100
90
110
104
96
91
103
105
91
106
109
105
100
97
85
97
104
91
94
106
88
97
121
120
96
103
102
98
110
107
104
97
100
92
96
95
108
104
95
100
106
101
97
96
86
94
108
104
104
111
101
87
104
107
92
96
101
99
97
101
97
92
100
93
84
107
109
72
104
111
98
107
101
86
93
81
116
90
97
106
118
96
95
102
102
110
98
106
93
104
92
91
109
114
108
93
103
90
93
72
88
102
102
100
116
109
104
105
82
112
105
102
89
96
111
94
91
95
91
96
110
87
101
112
101
82
97
96
94
113
85
98
95
107
97
84
97
116
118
89
94
99
113
104
97
102
97
98
99
97
112
102
94
126
104
102
106
98
108
95
90
98
94
118
107
105
78
102
103
89
105
116
116
99
106
101
98
93
127
95
117
90
99
99
103
96
94
113
95
99
98
109
110
99
104
83
105
98
111
109
98
109
82
92
108
96
99
116
92
90
98
101
88
90
94
103
105
102
93
115
89
110
106
109
118
107
107
114
106
108
108
95
87
100
98
89
105
107
109
87
113
111
114
96
113
93
97
96
104
84
99
115
89
105
97
111
97
101
112
106
99
93
109
109
99
95
104
101
95
97
106
106
91
96
98
104
96
100
105
80
83
97
84
102
87
119
79
98
90
120
86
89
107
90
100
113
101
94
99
77
104
110
92
89
88
95
99
98
104
116
91
119
107
92
103
96
109
103
106
96
85
96
76
86
83
108
99
111
99
87
108
101
113
103
130
95
96
123
103
100
74
95
115
113
80
82
118
84
107
117
105
96
105
87
113
99
87
89
98
95
80
101
107
92
103
93
86
105
84
86
99
101
94
118
88
100
114
107
115
105
121
96
121
99
105
117
93
116
110
93
79
99
121
106
110
85
101
118
85
104
103
112
103
113
105
96
93
96
98
99
97
110
80
86
102
100
93
103
105
99
103
97
112
100
98
101
96
92
89
99
109
105
107
96
100
103
97
103
79
92
89
112
94
104
110
112
102
109
87
86
108
99
84
107
82
82
124
103
88
101
94
106
95
108
85
97
93
87
108
105
96
116
103
111
107
94
83
101
101
93
93
113
90
100
95
101
119
100
113
97
104
105
115
100
104
87
91
107
96
101
103
107
107
129
97
89
109
99
93
106
94
96
91
88
99
96
115
80
86
105
96
107
104
89
122
103
94
97
83
110
127
105
93
87
116
104
94
100
85
99
99
111
93
92
83
96
92
92
98
108
96
114
106
105
105
113
110
106
105
109
113
76
107
121
100
86
106
99
111
107
82
98
105
111
110
85
108
99
102
76
96
115
84
84
93
95
76
98
84
122
97
96
97
94
81
89
101
89
114
100
98
95
95
88
113
104
97
109
97
79
111
100
90
78
107
100
