1029
980
929
996
1008
1038
1022
1025
964
986
1008
978
1100
1013
1038
947
951
965
972
970
1026
1016
990
981
1044
957
973
956
947
1036
1015
1010
984
1014
972
926
1010
980
1056
972
1002
1066
962
1026
974
1028
1018
1066
1018
964
1001
1032
1065
1021
1016
988
1002
1004
995
1007
996
936
1004
969
1045
1032
964
956
984
997
1031
995
1049
1043
988
996
1044
1050
972
969
991
982
957
988
937
997
1019
1024
987
984
939
963
1005
964
978
973
1004
1049
1005
1009
960
987
990
1001
1009
987
1009
961
970
985
961
976
970
1008
1000
1023
988
957
996
1046
996
977
1017
1057
1008
944
986
987
1017
927
977
1003
965
1025
989
1010
1026
976
921
960
1038
950
1031
964
940
998
1006
1023
1001
1029
966
907
1022
1024
942
971
984
1028
971
1021
977
913
983
945
986
986
1035
967
993
990
977
977
970
986
989
1010
977
974
948
959
1058
975
1031
988
1029
973
970
1022
972
1005
993
940
1000
1042
979
1054
962
959
1055
1007
1000
1011
1036
955
1032
1046
912
1017
1025
995
966
1016
1010
1019
1024
1017
920
996
994
1037
1059
993
1039
1011
1051
1056
1015
1009
1002
1007
982
982
997
1016
992
1016
998
1054
1036
969
994
978
1038
1085
1024
997
1031
975
972
998
965
936
961
1050
1016
974
1030
933
996
1010
959
1017
1008
1038
1012
959
1013
940
1003
990
964
996
971
999
1075
1000
940
1058
996
1063
950
1024
975
1043
997
1030
1032
1038
979
1003
1034
972
1009
964
1008
1023
1032
985
1005
1057
1055
1008
1009
978
1023
963
1002
1054
952
986
1008
975
956
979
1095
961
983
971
1048
1008
987
959
1073
971
1005
971
1053
986
939
982
1007
1000
1016
981
1018
1014
1008
1009
1017
1026
998
963
952
1018
1016
987
984
977
998
1030
996
948
1007
997
1030
1003
988
986
1042
1027
1007
1008
981
1003
1017
998
1034
982
1081
1048
964
1011
986
960
1033
1031
1054
967
1011
1010
953
1041
1034
981
1015
991
1027
1056
1007
1019
1023
946
974
974
982
999
982
1015
971
1031
973
1030
980
1020
1000
1026
980
1041
1016
1042
974
998
969
942
1016
960
982
980
1005
974
962
979
1019
973
984
945
1017
986
1054
1018
988
996
994
978
1009
1030
1048
1026
1020
974
988
950
1040
980
978
1003
1016
964
964
992
999
1025
992
980
1004
998
1020
1029
1013
972
1033
966
1062
964
1018
1038
1021
1027
987
1015
965
992
1031
1013
995
1015
1040
990
979
981
1021
969
992
1028
1022
1016
939
976
1050
1044
1025
947
1016
982
1002
1058
993
1015
976
1005
924
960
979
1017
993
1054
940
1005
975
985
941
984
978
973
1019
954
1021
950
954
996
1004
1046
1017
1035
1002
1005
991
1100
1007
1043
999
999
1036
1035
1036
1047
1011
1027
1013
987
1018
976
1026
978
1006
1017
998
995
999
990
989
956
1034
1060
923
1026
954
973
994
973
1004
917
1035
985
1003
1085
1001
1014
908
1031
993
1070
987
1049
963
1029
971
961
1027
991
1031
998
996
994
990
1081
968
1003
1044
1020
999
1025
984
1006
1071
955
984
1004
1002
1049
1038
993
988
1015
1046
1018
999
979
956
954
958
996
960
999
963
943
911
1001
1046
934
1023
1013
1046
1032
975
1021
971
989
1034
1018
1014
977
1014
1022
962
983
941
990
1033
1010
1018
973
953
972
1009
1008
1022
1017
998
969
974
1014
1085
999
1003
955
972
996
1070
1025
976
984
990
1028
992
1006
1044
1012
1030
1014
995
949
1037
1013
987
993
947
983
985
999
989
1034
977
1057
1009
998
989
988
1017
989
1047
1003
1081
1001
979
992
968
972
1052
983
1015
1016
994
1012
997
971
1000
963
983
974
1040
974
976
994
970
1031
1004
987
1014
968
991
1008
1009
956
1013
985
963
1041
1036
1048
1030
1031
927
1067
993
995
1036
1017
1044
919
972
1027
959
1081
1002
981
1041
1032
997
998
998
988
1013
1031
1017
984
998
1059
1014
997
1026
993
1014
986
985
1000
1002
1011
1022
988
1028
968
1016
986
1040
970
1053
966
932
980
971
1021
1020
949
1009
980
973
1044
954
998
988
994
985
1029
995
1021
1012
962
1015
941
1014
973
1005
980
966
1026
993
1073
1016
989
1004
1048
1018
969
909
1015
1049
988
974
1039
1024
1025
982
997
982
990
964
1034
1021
983
990
1029
969
1033
961
1009
1032
949
997
1021
1050
948
981
1011
939
998
1046
935
1077
1037
979
972
1069
977
1061
992
964
1021
1029
1047
1036
996
1037
972
951
957
964
982
1042
1002
1020
1023
1022
1017
1012
1066
1023
976
1076
978
1030
1010
966
997
1019
1055
960
1016
1023
992
1045
983
992
1022
985
1010
1016
981
1000
1014
969
984
1016
965
1050
1002
1026
1019
1009
993
999
980
979
956
946
985
966
972
1020
1019
957
983
1050
1029
1028
997
1006
974
1014
1027
1028
957
1024
925
991
994
1049
999
987
1059
1030
968
995
949
987
1015
969
1017
1033
1012
965
992
1002
1051
991
991
1071
1012
1001
1000
972
981
1008
1056
930
1032
998
997
997
1003
988
977
981
993
1008
989
978
1014
993
1012
1041
959
1054
965
995
990
1062
1046
1035
994
940
1049
1019
1029
996
991
1021
991
1060
993
