967
973
1021
989
989
1009
943
1009
1016
1022
1038
1023
937
929
968
988
1002
956
1003
1047
942
1013
980
1047
1023
981
1006
1075
1000
981
963
1000
1027
989
1011
1027
961
1005
1020
1035
1016
960
980
1005
975
973
1021
1013
985
1020
1081
971
990
1010
1036
984
1023
975
1005
967
1006
998
987
1000
990
1023
994
898
995
1005
1024
1037
1043
999
1005
923
1036
921
987
976
1024
1039
1031
983
1030
998
1010
1036
986
1036
948
1025
1070
1017
1031
1025
943
993
971
1011
1036
1034
990
1009
1004
1018
930
984
979
1022
977
1051
1014
995
958
976
1002
1016
1007
1068
957
994
969
977
1025
957
911
1042
954
935
1016
1003
968
1039
988
1015
1078
961
959
985
1003
1006
1004
977
949
998
997
950
1013
978
963
1013
1037
982
1005
969
1007
1039
931
1046
1089
977
989
1013
981
992
926
1009
981
977
980
1000
919
980
1020
997
1047
1000
1022
979
957
1026
1045
1009
1007
995
1044
956
1010
1012
943
1040
975
1001
1025
1077
1012
1025
1010
1040
941
1035
993
960
1018
998
978
931
1032
1019
998
990
1000
1005
998
1052
991
1014
1065
997
1030
1058
1010
969
1017
974
993
1007
1034
970
1015
992
996
975
949
1041
999
1028
927
1029
1000
998
1011
1001
1073
973
1015
1054
971
964
950
998
991
984
1057
1009
1032
982
975
1011
1004
986
988
1016
996
956
979
948
1019
966
1073
1043
985
994
1019
1036
1009
1038
989
1038
1002
963
992
975
1046
971
935
1022
1049
1000
967
1001
975
991
1039
975
974
978
1029
983
986
999
1011
1046
1016
992
947
985
1038
1031
983
1058
963
975
1005
950
981
1009
976
1038
971
1029
1016
1009
974
1019
984
1064
988
1001
984
1006
1026
996
996
993
976
1026
1009
1014
1002
946
981
987
975
1002
998
1035
971
1063
1002
989
997
1044
1026
1064
1020
1031
1006
1009
1022
937
1046
1011
963
1035
972
1019
961
959
974
1024
999
1020
1007
1037
1013
1006
1024
994
972
1034
989
989
990
973
1002
980
1007
1015
1016
1019
996
1041
1052
964
959
987
1005
998
995
1003
1011
1040
966
967
1028
1049
987
971
1029
937
951
1021
1009
1024
1009
1027
1007
996
1017
953
1029
1035
1020
1010
972
964
1022
958
980
1016
1054
1006
944
1004
1003
1001
1028
973
980
1051
976
1008
949
1018
1021
960
987
1008
1043
915
1022
1089
996
1046
937
1006
1020
961
1007
991
1037
1042
1041
1023
1020
970
1058
1004
986
1057
1003
1004
1052
1020
986
1003
962
970
992
948
1032
967
952
1008
977
1007
1017
1014
1023
1014
992
1013
1005
979
986
969
1052
1038
1007
978
1002
1029
1024
981
1024
1027
1018
976
1000
986
958
1010
930
953
962
1000
1001
990
1022
1003
1032
910
991
1022
982
1052
995
1046
1030
1008
981
1008
967
996
1003
1011
1022
1024
1034
1010
1039
1040
991
1011
1043
1011
990
1025
1018
1032
1010
978
1000
1040
1035
1029
1062
1028
967
1053
1002
1010
1000
1024
979
985
1013
977
1016
1032
1051
1068
990
985
1037
931
963
972
1042
937
1025
1001
954
989
1006
973
984
1007
992
1011
976
1003
1005
996
1004
1000
1005
1006
1040
979
999
1013
987
1067
1006
1027
1013
1016
994
1053
1017
974
969
1013
1003
917
985
971
969
1046
1026
956
1005
997
1037
970
1039
1040
1014
957
994
1026
988
1002
957
995
1029
1012
997
1019
1014
989
960
1008
994
1004
991
1038
1041
958
961
967
1092
1039
976
982
976
989
974
986
959
962
976
977
937
1034
1007
1007
965
983
1035
980
944
976
1011
969
1007
997
974
994
1033
1004
983
923
972
999
981
1017
962
954
952
1029
1013
1001
975
1043
962
994
1022
949
1012
968
967
1012
1017
939
1004
996
999
996
973
1048
1028
1008
1012
1039
983
1009
1007
1045
1037
1033
961
987
981
1001
967
943
1038
958
1023
1017
999
1078
990
1016
998
952
950
1017
985
1007
969
1028
1055
1007
987
1017
919
945
1000
997
1018
1035
979
1030
1004
1036
1044
1035
1040
948
1007
984
1007
1042
963
1042
946
959
974
990
982
1021
977
984
984
984
1038
985
952
1040
997
1027
969
997
1015
971
1003
962
991
1001
978
1002
987
968
987
1020
968
996
987
944
1005
1021
1032
1013
1040
1023
960
1017
937
1011
1038
1009
984
960
1020
1018
1030
996
950
1024
1002
1051
993
1014
995
1018
1021
1019
1004
983
1032
1044
962
1014
958
1010
1014
980
981
962
1041
1017
1002
975
1006
982
986
980
1029
965
993
1025
987
1002
956
999
1019
980
1037
981
1023
1004
997
981
958
970
930
971
972
1029
989
992
1021
989
1058
973
1025
1040
997
1066
963
1024
1021
989
983
980
1031
975
1050
990
1036
970
994
968
1033
991
976
945
1022
1040
972
977
991
987
1046
958
1028
953
971
1044
971
1019
988
1006
1014
1014
960
973
1013
991
1042
991
999
1035
961
1020
990
979
982
987
1086
988
996
1041
1001
1003
1021
1023
1009
1033
1076
1007
1047
1034
1013
976
1063
990
1018
1034
971
1021
1014
969
983
952
1015
953
1000
991
1037
963
1008
981
925
978
992
989
981
1005
1014
976
975
960
995
1016
1003
988
977
1013
1038
1014
1014
965
1056
986
1029
1007
1008
967
1055
1026
1017
972
1000
1003
