1041
1025
999
1052
1007
959
976
968
1002
968
1028
1038
1012
1122
1050
985
944
933
974
988
982
911
1026
998
1027
993
1017
975
979
972
965
1011
1037
1055
1060
1007
1002
964
998
1013
1012
988
970
987
923
995
1019
953
981
1002
957
1000
972
962
1010
1067
992
1027
1054
1000
1030
966
1034
981
987
990
974
1020
961
1032
1021
1028
1023
1015
1045
975
976
1017
947
931
936
1001
988
1027
1011
914
998
1033
1010
1041
1021
1029
1024
965
1016
937
1026
951
971
1019
1008
1012
983
980
1013
1047
1017
970
1029
950
974
971
1006
994
1013
1005
963
937
1044
1020
1041
1020
994
1091
1102
984
1023
953
1023
1039
1036
1040
1025
996
1042
1069
999
1012
1003
1022
1033
1038
1014
960
991
1063
1011
1032
1021
1011
973
963
994
965
981
991
1059
1057
1016
1025
974
970
1015
1012
992
1016
1022
1012
1031
1007
947
1013
996
1008
943
1004
966
1011
1028
959
978
960
995
1006
970
962
974
1033
974
1049
976
1003
963
1024
973
1036
1027
1011
1036
1032
973
1007
956
916
1003
994
1021
1023
1052
1032
954
999
978
1038
1019
1003
1008
996
912
986
1022
998
1009
1022
960
1008
1020
1013
1034
1002
988
1070
1033
975
998
1014
1075
1010
992
950
1034
1027
1044
985
949
1058
934
1001
1025
951
978
1013
971
1026
1022
934
1028
977
965
976
982
959
975
996
996
1029
1006
966
929
1026
969
958
975
980
1012
990
978
954
990
961
983
1013
982
968
1024
1006
981
999
956
997
1023
977
940
1029
1003
1026
1014
988
1013
966
1001
1003
927
965
956
971
1042
1044
1030
1037
977
1060
1013
1023
981
1032
1013
1007
1016
934
975
979
1080
996
1026
1005
987
1088
989
976
1031
1032
995
1050
1028
1022
1036
1002
964
972
1088
1008
939
996
971
977
976
967
1028
1021
969
981
975
1006
1021
966
1017
987
991
1007
974
1018
1017
992
1004
1001
1044
1049
1002
993
1011
955
945
1041
1006
987
1004
969
1024
985
1021
996
954
1016
1035
988
1041
1004
1035
1059
978
932
999
936
1004
983
979
1014
997
1029
1006
961
999
962
986
1004
1003
1026
1075
1001
1039
947
959
959
1019
1016
1005
967
1057
940
1002
1005
988
982
1011
1018
1008
1027
964
1018
1036
1007
1015
951
998
1025
996
1030
958
1025
1014
983
948
959
1007
979
937
1011
1035
965
1018
973
1004
987
936
1008
1022
992
1060
983
984
988
1060
955
1006
1016
989
1042
999
1000
977
1011
1011
1001
971
955
1005
1057
1003
986
936
986
1036
1005
958
998
955
1036
1008
1006
1018
1001
952
986
1043
1012
926
1007
997
1003
977
1022
995
1049
1001
957
987
964
1011
1011
1019
1074
1009
1033
1001
940
994
1023
1045
1055
1052
963
930
1003
1010
958
1007
1030
1030
1019
998
967
1005
964
976
997
1011
1012
1044
969
963
1045
1005
1056
984
981
1005
1025
1025
1020
1038
999
1024
1045
1045
1025
979
1024
990
1010
1008
1023
1036
984
1039
974
1018
987
1003
1098
1031
1009
994
1002
964
996
1013
1006
1009
1010
1015
960
958
1061
1021
957
1036
1017
999
1031
1043
1040
1021
992
1020
1008
954
982
957
1011
988
1035
963
1018
1067
1048
966
1027
1000
1038
959
1006
1011
984
1033
988
1024
964
1066
1045
986
1045
1015
982
1007
973
932
954
1006
930
934
1014
956
988
986
971
963
945
1007
1006
962
956
1066
1027
969
992
1032
1054
982
1005
961
1051
1018
1016
1007
1041
1015
998
1020
1068
978
994
993
981
974
985
1016
1009
966
974
1008
993
982
1056
1050
984
998
1018
1016
994
990
1004
999
1021
996
1004
999
951
1037
954
1010
989
1037
1033
985
990
1049
971
1010
972
1025
1064
1005
963
1055
992
1034
998
1012
946
997
1024
965
985
959
972
1002
1037
981
929
984
957
973
995
1006
1006
1031
1033
1048
1009
1008
1086
954
943
1022
992
974
966
1025
960
1002
995
1024
964
999
1009
1035
1009
971
1031
991
969
990
1032
1003
995
1032
942
1045
1057
1020
1032
997
1039
1004
996
1008
914
987
1026
1004
1001
1026
1010
1016
984
1047
1022
971
1027
956
929
1020
912
972
962
1021
1025
1059
1036
934
1011
935
1016
938
1062
946
1018
994
943
956
1045
1000
978
888
937
1055
1017
993
958
953
962
964
975
1021
1006
1003
1004
1048
1030
982
1021
1019
938
1028
962
990
1023
994
1020
938
1025
1016
1031
1006
1006
977
1036
1014
1031
976
1027
1008
988
966
925
1083
990
1028
966
952
1005
984
995
969
973
1013
990
1036
1003
989
988
969
1012
1018
1016
1024
1019
989
1036
1008
1033
1012
943
1020
1003
954
1027
1046
974
994
1036
1029
1042
1010
940
1003
965
1000
1013
1012
1024
986
1000
971
978
1022
1030
1057
971
987
952
1041
1004
1001
989
998
1005
980
975
970
1062
984
1031
969
1011
952
1032
909
1046
1034
1007
1001
961
1015
1054
1020
1040
1036
1029
1003
1000
959
1001
983
976
953
931
978
978
958
1056
1090
941
955
1038
1005
1014
1015
1037
957
1034
996
1013
1013
1036
974
932
1007
978
1012
1036
1018
1039
982
1044
930
996
1017
957
935
1008
989
1062
1016
993
1009
953
975
1004
973
995
994
917
955
966
1004
1013
1005
995
949
969
1076
992
980
1014
990
973
1073
1015
982
958
964
1011
994
1024
1027
969
1024
970
1030
953
985
1032
1025
1000
1020
979
956
1006
1003
949
1031
1033
1005
1027
1018
961
1037
963
1024
936
995
1005
988
1032
974
1022
1031
1005
1005
990
1054
1002
1029
996
1066
977
1005
992
955
1033
978
1021
1061
1041
1038
980
1026
981
1030
1025
989
936
1052
971
1001
962
994
1063
1009
972
1015
949
1023
1009
984
1032
958
1004
1027
987
975
980
998
999
1032
984
997
985
992
1015
1013
991
956
1006
957
1045
950
956
930
997
1038
989
1042
1024
957
938
1011
1035
980
965
988
1050
950
980
986
981
989
999
994
1008
996
989
973
1010
1035
1009
984
1050
1010
1040
1000
983
940
1049
1083
1001
998
1034
973
967
987
1066
982
975
1011
953
1068
974
1027
924
950
1013
986
954
992
1014
1028
974
992
994
999
967
994
1023
1051
962
1025
994
956
1031
982
991
1031
974
1001
994
1015
1036
1048
1026
982
1012
950
951
1040
1009
1035
1007
1027
956
971
1026
990
1002
988
1018
971
1024
987
1021
1010
1014
986
1115
961
1006
991
993
1048
971
928
1005
1025
980
1007
986
1043
989
1017
968
1039
996
994
1007
1020
977
1013
1020
1009
1015
1007
1037
1045
995
1043
1034
1024
984
962
1064
989
986
1043
987
994
983
1017
988
1033
1044
980
988
1022
986
997
962
1024
987
1020
1031
1052
1021
1030
971
1015
957
949
1012
945
992
948
992
1020
1012
933
973
942
973
996
999
1018
994
1047
1000
1037
967
1006
1010
1027
1017
994
953
973
939
1045
1009
1003
1020
975
1012
958
1006
983
977
996
1082
1005
1027
996
1015
980
998
1020
1030
981
1019
983
1027
995
988
972
1052
1031
997
1039
971
1007
1037
994
1035
958
956
984
1004
1020
1024
940
1029
981
963
1038
988
958
1007
1053
979
1021
949
997
988
983
991
945
1074
1020
1039
1002
978
992
1046
1008
968
1014
994
1014
1070
1002
1000
943
1017
1012
1005
1001
1004
1033
1011
965
995
958
941
1044
977
993
951
998
1038
1006
1007
969
988
973
967
991
1028
1019
981
1020
1042
983
974
1003
980
998
1017
1037
1014
997
1015
1015
996
980
999
1072
1012
1032
995
980
993
985
1004
1001
1004
1001
988
1003
1081
1033
997
1021
1027
1036
974
962
993
1000
1046
1014
1044
1026
927
949
1015
987
996
1015
1011
988
954
980
993
997
986
953
1007
996
1021
988
1007
985
1038
1054
997
1003
1026
964
1016
990
976
976
1047
1050
1025
1010
989
1002
995
1006
935
1021
991
998
1019
1026
1009
1034
1001
1021
1010
957
1069
977
1033
1040
997
1002
969
976
993
950
1034
1006
1002
977
1003
996
986
1073
981
999
982
1012
1049
950
972
999
912
978
972
1000
1046
997
1063
980
1003
1039
982
1037
982
1005
947
1000
979
1002
941
1019
1000
1027
1011
932
999
1005
969
964
948
1015
981
965
1027
994
977
1055
1001
980
946
998
978
990
983
970
997
963
985
1014
1002
1000
976
955
1020
1002
978
1039
961
989
1013
978
995
1071
1020
962
1059
988
996
962
1010
955
1018
1017
984
1008
1036
984
962
982
1027
1057
1048
1050
1058
962
1018
946
1002
978
1001
1059
1046
1003
951
955
1012
1015
1037
954
1019
996
988
957
1034
992
972
980
992
1026
937
949
1054
1001
958
1011
992
983
1003
955
973
1022
1031
1026
1024
992
1024
990
1064
944
964
1040
980
1023
1009
975
992
993
1030
1039
1003
1028
915
983
1010
1007
993
987
1017
1024
964
1021
970
1016
994
1006
1000
1025
1011
1046
941
1048
990
1019
952
1036
1052
951
1023
980
965
999
1069
979
1073
988
1019
1058
1017
1013
967
1020
1014
1023
1002
980
1025
1003
1012
952
1005
976
1013
980
942
1073
1002
1041
980
1010
981
1000
1010
1009
978
1015
1030
1012
968
954
1009
1002
974
996
948
1008
994
1002
999
984
945
1010
1003
1010
980
1016
1061
998
1011
955
988
962
1029
1042
966
936
1002
1036
996
1025
993
1033
1047
993
963
977
972
1020
998
997
984
1000
1020
999
972
974
993
1015
991
992
966
1052
992
987
1013
946
1014
1033
990
1000
1008
981
980
1005
1030
951
1021
987
980
1008
981
1011
965
995
960
1054
989
982
977
1005
974
983
998
997
1015
1045
1044
1029
970
1008
998
1004
947
1015
1021
1012
997
1021
1031
1013
1012
1022
1035
1036
997
981
1011
1005
961
991
1032
1035
949
1034
990
969
956
1067
961
986
1031
992
1069
1025
1009
1017
989
974
970
950
1037
1019
1002
1017
987
1002
975
1060
1006
1009
960
1013
1013
1026
986
1014
1031
1006
960
975
983
1011
1036
1000
967
1006
969
990
1019
1014
989
995
1055
1014
930
937
1053
975
1031
960
979
998
977
961
1016
988
1024
985
964
1005
1018
1005
1006
1028
932
969
964
963
885
986
1014
1032
1023
999
1016
979
959
1016
1008
1061
947
1019
988
988
1006
1046
1022
1045
1001
1007
1025
1004
1025
1003
999
1032
995
994
1014
1018
1036
1031
942
1059
1044
987
987
1025
979
990
1033
984
991
988
1022
1002
975
1007
1004
969
1051
1025
1021
985
1017
1092
1028
966
977
975
1005
975
1016
981
948
1068
970
985
1018
955
993
974
983
978
1042
975
963
1039
1027
1068
970
1007
1014
974
991
1058
1000
985
1030
1013
1031
984
1011
954
991
962
972
1052
1012
1030
1020
1037
944
967
1046
990
1038
1017
1002
972
928
966
1024
988
1043
999
1027
1000
978
992
1008
1034
1031
977
956
1010
1000
1012
1017
968
1047
972
967
1014
960
978
1067
999
1091
981
1071
1054
992
978
1003
966
966
945
989
1073
1009
954
1020
982
1010
1006
997
958
975
1004
1025
993
964
1018
974
1014
992
1026
1033
1031
941
1052
1015
1028
995
1020
960
1050
931
1015
991
1066
984
1028
1044
991
1035
1057
998
1026
975
994
1011
1000
1013
984
1004
994
1064
977
999
995
1016
961
964
1012
983
1061
987
995
1020
1025
969
966
941
1010
921
1002
1001
1022
1040
946
1004
966
1022
995
994
1033
977
1028
1006
1005
1008
1001
993
996
958
1003
953
945
951
1022
969
1025
1040
949
1033
1036
976
983
978
1040
1006
980
1035
1023
975
959
1013
1009
1015
976
1007
1000
972
938
1027
1065
959
1024
1003
1000
982
1013
979
1038
990
976
965
996
1003
996
997
989
973
1003
969
993
1026
1038
994
970
985
1053
1034
1015
1014
977
1001
1002
951
1036
974
1077
988
1000
1060
938
1012
1085
993
979
992
998
1009
979
1009
1009
953
987
988
985
1020
1020
1035
982
1014
989
963
988
972
1002
967
982
962
1022
993
1077
1007
1006
956
989
968
1018
965
985
1018
1040
1019
1024
1000
1035
1003
989
976
994
1074
970
1010
1000
992
943
1064
985
967
1022
1023
1002
1012
959
1013
1049
1019
938
1005
990
1016
948
1026
1044
1009
985
1012
1036
1028
973
980
1009
1008
1006
1016
1009
1023
968
951
1048
997
986
1036
1039
965
964
975
1074
1000
1019
1037
1043
1072
961
1035
989
1039
984
986
982
982
1032
964
949
990
973
1024
993
1022
1017
1029
1021
1007
961
1004
1037
974
1010
1033
961
1035
1020
1023
1031
1035
995
1015
993
942
1035
1027
979
986
1070
940
991
1001
984
989
1022
1032
1029
981
969
1026
1042
966
1029
1063
1021
1013
999
987
1049
1001
988
955
963
995
1001
1027
977
992
1061
1024
983
945
988
969
988
998
1025
1038
982
992
979
1012
1000
1012
1004
1032
983
951
1014
986
1008
990
992
974
929
969
1014
1006
961
992
1010
1040
1011
956
1000
953
996
930
951
1029
1078
1008
1030
969
1030
959
987
1020
1019
1001
931
981
1021
1026
1031
958
990
954
1040
983
1052
1013
949
994
946
965
1013
981
985
1007
1041
968
993
1016
974
1032
1003
995
1022
1007
981
1026
983
968
1039
1002
962
995
1013
1010
1015
974
1038
1063
1008
941
985
909
1009
978
981
1006
969
1004
974
963
999
1017
1007
968
999
1036
952
1004
984
1016
987
999
1030
998
1041
989
943
1016
946
973
974
942
996
1014
1017
1043
950
1009
984
1051
1064
980
1027
959
1029
936
1049
983
1036
949
1006
972
978
1061
1002
1005
953
1001
964
967
986
934
1030
1011
1036
1009
967
992
1007
1030
1059
1038
977
1034
1014
1008
962
1007
968
1015
1027
975
957
980
983
921
1038
988
998
927
1019
1036
981
979
1016
969
942
1001
1002
1047
936
995
1000
1001
969
999
942
962
1050
1016
1006
967
988
1015
1013
1020
963
971
993
1045
1014
993
1051
1003
964
1023
993
998
981
988
975
993
1052
995
1045
1031
993
1014
1002
1039
1010
1011
988
1046
997
998
1035
1040
1043
986
1039
1047
1005
996
1024
942
1058
988
1054
996
948
952
989
953
985
1020
1050
996
1040
955
1004
1010
1042
976
952
1064
967
990
1011
985
910
1029
1013
1024
981
958
999
995
984
1025
940
985
982
932
966
935
928
1006
1002
905
1056
1043
1036
1011
976
986
1029
1011
1020
1043
991
973
1030
967
995
908
948
998
1055
998
1024
1008
993
1044
1001
1039
1046
1018
1076
1028
1005
979
1012
977
949
1054
977
954
1038
1039
973
987
990
1077
1072
990
999
954
1059
969
1003
1067
1040
1021
991
998
1014
1032
983
945
999
1030
999
1044
985
1053
974
964
1040
1000
981
981
1035
920
936
991
940
1028
1000
1024
1021
950
1014
1053
1010
1032
1012
1003
960
1010
991
989
973
1034
995
1033
955
980
1001
1007
1010
959
972
1009
1069
999
1021
1037
1032
971
968
950
929
963
1012
978
932
992
1032
993
969
1007
985
1093
978
980
986
1017
1064
999
998
1029
1024
987
987
934
1054
959
946
994
1015
958
977
1006
1019
1004
952
1029
973
1036
1000
1032
1052
1015
1058
995
1050
1035
983
993
1008
997
1006
999
967
1028
1066
990
1050
1006
1014
970
1045
986
976
1004
1053
952
971
1009
1011
1058
1015
1010
972
962
977
1009
969
1037
999
947
1018
942
944
983
1003
993
1022
978
1008
998
1006
1039
985
1001
958
1030
987
1026
1037
982
1063
1007
1041
964
988
1013
1040
1009
1007
1015
964
1017
1008
951
943
1047
946
984
1036
977
976
942
1023
1014
980
1019
1028
1047
985
975
1011
1028
998
982
1015
966
1020
982
999
1045
1038
989
1020
961
1046
1045
980
1010
1000
1022
1033
989
978
983
977
965
1005
1050
958
1028
1033
1032
964
1007
1064
981
1043
996
980
1018
990
1043
973
1023
1057
1002
1023
993
1045
998
1013
1023
1013
985
998
993
971
973
1042
1003
999
996
1004
991
973
979
979
1031
972
996
1000
960
983
1044
1046
1027
990
998
995
1013
970
1046
1045
1006
978
949
951
972
1009
998
1001
1007
988
1005
988
1006
1008
1006
1011
979
983
1004
1038
955
1014
974
998
995
1008
1007
968
985
999
978
985
1007
1004
990
981
997
958
1014
1003
998
1026
1076
1017
1014
1008
964
922
1070
956
1011
1020
997
955
1017
990
1007
1052
1065
1047
1040
978
1050
954
967
1000
946
966
1036
1009
1020
965
1043
950
992
1050
973
1029
1030
1034
999
1023
995
998
961
1013
1067
1034
999
976
1042
965
978
978
994
1004
1000
973
988
1006
1028
970
1059
988
965
1008
1052
978
1049
987
1046
1016
1017
972
1037
1030
1021
996
963
1070
1019
1012
980
993
1064
1048
1068
987
987
989
1068
978
1015
985
999
1059
1038
996
1000
974
954
995
987
988
971
962
1010
947
986
963
946
1063
991
1060
988
994
1012
1018
1015
1015
1035
992
949
1029
1022
1038
1000
1024
1020
1054
985
988
951
1010
958
1009
1072
1046
1003
1039
945
1028
1008
935
994
973
1004
932
1076
960
999
1044
1003
980
998
985
965
984
980
982
1009
1027
930
987
998
1061
1014
971
1018
1005
967
1018
1054
1025
1015
1016
1005
1043
998
1002
1005
963
1016
978
945
981
1011
1007
977
1012
973
1003
1033
964
966
961
1025
998
1038
1043
971
1007
1008
972
1044
993
1053
1037
977
982
957
983
1020
1050
977
1068
1015
1002
1021
1047
1017
999
1028
947
955
998
977
1027
1054
1003
988
940
908
991
1007
1031
1090
1032
1032
1022
1034
998
988
1009
1027
1011
948
981
1047
976
1079
996
1028
1010
1004
1014
994
1045
993
966
1027
971
1007
1002
987
1026
997
993
997
997
986
993
1093
999
982
957
940
982
952
1054
955
989
952
964
1044
1004
968
988
1002
996
1053
954
993
1000
1030
963
1001
975
1008
975
965
1021
1005
989
986
1029
972
999
1008
1052
978
1046
999
1008
1010
975
963
1006
1027
990
982
987
956
976
941
929
947
1001
982
966
936
1016
964
975
1018
936
987
1029
964
1018
1016
1042
982
1024
1039
943
1007
971
1019
1002
1003
1042
982
981
970
1025
980
1034
988
1018
985
1061
1022
1010
1035
976
965
904
931
1004
1018
1003
993
983
1003
1023
986
1021
1009
1044
995
955
986
1004
981
972
1016
962
1006
1029
947
1056
1000
1019
1004
945
1061
955
1000
962
998
1023
1012
990
1032
985
1010
1021
1024
989
1015
998
995
964
1043
994
1034
1014
978
973
969
1013
953
1060
980
1016
975
1053
974
1009
1039
1031
1007
1021
972
965
980
969
1004
988
988
988
1035
923
1014
950
1002
990
1024
968
996
999
941
997
1005
959
1019
1065
946
1048
1020
1000
964
1004
999
1017
1023
976
953
1017
1045
1022
1034
1003
977
1022
1006
1003
1087
1031
942
1007
964
982
1001
970
974
1014
963
1013
1038
1005
1018
1000
993
972
1030
968
992
981
995
1001
1041
1016
960
985
988
950
1005
991
1087
1014
960
1023
994
1002
1045
979
1001
1027
1022
991
968
967
994
999
1021
974
1023
1020
1002
981
1019
977
991
1014
999
1017
1033
1017
958
956
1006
977
1060
990
1058
993
1019
957
1010
989
1001
1029
1038
1040
978
985
1021
1012
997
1048
1055
975
1048
1012
1045
1006
1082
1036
976
929
1032
924
992
989
1013
990
970
1030
1025
931
1001
1036
999
1040
981
1022
1047
1027
1007
1028
976
991
1047
1029
982
960
953
1045
982
1023
996
998
1020
998
982
1052
1024
1025
970
1031
1004
1027
1043
1001
1016
1009
986
1052
967
985
1038
1022
990
945
1008
974
1049
895
991
980
1033
935
1023
1021
1003
986
993
1022
990
988
1072
919
1017
1029
1008
1008
1053
956
983
960
950
1010
993
1010
920
1008
1003
992
970
1015
1060
992
996
979
940
1026
939
981
1032
967
994
998
990
961
1067
990
933
1003
992
1008
1005
1013
1039
940
1002
1000
998
1015
987
1029
955
1041
1000
1021
1023
1026
977
1023
969
985
989
1014
997
952
1037
987
986
1032
985
957
1002
1010
978
1030
991
989
986
970
976
925
1023
1048
1021
1060
967
910
966
985
979
1010
974
983
982
1033
986
1058
1020
1007
1024
1020
990
946
1005
991
1005
935
1029
1028
962
985
1007
967
997
981
1004
968
1056
1003
948
987
976
1047
999
940
1021
968
949
993
1029
978
1060
954
1007
1066
990
1001
989
993
944
1001
1010
961
1009
1030
988
1019
984
1012
973
1069
1078
974
978
1014
955
982
968
963
1016
1017
1005
1047
1025
1026
1013
1006
984
999
945
1033
958
993
970
972
947
1042
1030
989
1010
970
1009
1003
1021
1000
926
1002
1035
1032
996
1019
1006
1048
1020
1009
982
968
1069
1040
1021
970
974
903
955
1001
1027
1004
977
1003
957
1038
1064
1003
1012
1003
985
975
1016
995
1004
989
1002
977
957
955
1006
967
1015
984
1004
971
998
970
1000
979
961
993
972
994
990
974
974
1012
1000
997
1038
990
1027
970
1040
1004
926
1032
936
985
983
1053
979
990
985
970
977
1008
1009
1020
1008
993
996
1065
1013
1032
1023
1035
990
1007
925
1009
1062
973
997
1028
1000
992
1042
982
1029
1056
954
983
1014
1049
957
988
990
1036
1014
1009
1011
972
1014
972
1008
981
973
1004
1076
992
1004
1000
964
1002
992
1007
1050
1036
1033
982
980
1009
983
986
1010
971
1009
987
1001
1005
1016
971
992
989
980
1028
965
999
1034
1018
949
964
998
992
1006
970
945
934
984
1010
1002
1055
986
981
1001
1056
1033
971
979
977
1037
1047
994
989
1016
992
993
1011
979
994
1058
971
1031
983
984
1068
982
981
1041
965
954
1004
1054
982
976
1027
1033
992
1057
974
994
999
1000
1021
1010
964
1039
1011
969
995
1004
968
966
1009
1036
989
1005
997
989
1007
959
991
970
973
972
967
1007
999
978
988
978
959
967
995
959
1052
1044
988
1018
1004
1007
1013
931
1069
974
997
1005
938
969
994
948
998
1014
947
971
1035
1063
1026
1013
916
953
1034
1019
1054
1016
992
925
964
1029
989
1030
970
1067
977
1061
1017
1009
1018
1013
993
1022
984
995
1030
1027
955
1026
1012
963
1004
1028
998
976
988
995
1038
1047
1057
1002
1029
1028
991
977
1001
1023
912
980
975
997
967
916
980
984
997
1031
1017
1024
1024
968
1021
990
985
975
932
950
997
1017
1082
996
998
1002
1029
977
983
1005
1032
1052
944
1018
947
984
988
1016
994
994
996
967
978
978
1028
964
943
1071
979
1000
988
974
951
927
1012
986
957
984
1011
964
990
1009
980
1010
979
967
1009
964
972
968
1026
1029
1042
1009
1069
1009
1005
985
937
978
1043
1016
985
1033
970
994
988
1033
1022
1044
932
1027
994
1002
973
1044
998
1000
1018
1054
995
1008
992
1021
1049
955
1016
1040
986
1047
1047
993
998
1006
1025
1012
1055
1026
1011
998
1025
938
1045
960
1012
1013
975
997
987
1032
995
1001
988
1044
1052
999
973
1051
943
1042
1022
1001
992
944
974
971
996
997
1000
987
959
1011
999
966
1010
975
996
972
1033
991
1026
1022
1040
1007
997
1028
954
1051
1052
1019
1028
1027
1045
1013
1045
1017
978
1015
977
969
1015
991
991
970
1024
1005
1031
950
1067
1059
1011
951
1017
992
977
930
995
1018
955
1058
967
1002
977
920
997
1019
1010
989
1017
1003
1038
1032
1001
1025
971
960
1038
925
987
1028
963
948
1021
946
1031
976
982
986
982
974
967
981
979
933
1028
922
1018
1006
996
1007
1042
997
959
1014
1007
1040
962
1043
986
1003
961
991
1015
997
998
1002
985
1006
1027
1000
1032
1024
1021
1020
999
983
1033
957
961
979
962
970
981
1006
989
994
1037
983
963
1002
1001
980
967
966
1061
964
1016
1008
1057
988
1070
962
999
1021
1024
991
1012
944
1012
1042
1023
956
1007
984
1038
1070
972
974
978
946
1017
1014
967
1000
1008
1037
986
992
1011
1017
1005
1042
977
1011
992
947
1041
1041
1002
1009
952
1023
989
1012
999
983
977
1011
937
1045
1030
994
1041
987
998
985
972
1010
1020
1032
975
963
1026
962
995
982
986
1006
1020
964
1006
1010
964
1047
982
1003
995
962
996
976
987
981
1019
955
1012
1059
1009
1005
1013
1030
1037
1038
1015
1027
977
972
1006
1011
965
995
996
970
934
1021
1024
980
998
1022
975
1003
1012
936
947
1038
1001
948
994
1012
1009
1010
982
1045
954
987
1011
954
1017
956
992
1009
1025
1026
963
1020
959
963
963
1038
1004
944
992
1040
1065
1080
1021
1004
960
995
1028
993
1001
1054
948
983
991
1026
1015
959
1022
968
940
989
990
1002
1024
1062
969
1020
955
1018
1042
1066
1034
1012
1021
997
965
995
992
967
1017
968
1049
980
1053
1047
980
957
966
976
1066
1023
1017
998
1094
1025
1003
998
958
1029
947
1040
1054
937
992
981
994
1014
967
1036
1083
1027
1046
955
996
977
1022
993
998
954
1000
1027
964
962
995
977
967
988
980
1004
1017
1010
965
1016
1008
1006
1057
1038
972
1003
997
1000
1047
1034
989
1032
1019
994
1078
1006
989
994
953
1026
1007
1019
992
984
1029
990
964
1038
1023
1008
968
978
1032
958
988
979
997
963
1027
978
1022
957
1018
960
1002
950
992
1060
969
1043
996
959
993
1021
1011
982
1003
1051
991
998
1045
1006
1083
989
949
970
990
1003
979
1039
1014
1012
1002
1003
997
1046
1002
970
972
1007
968
1001
963
975
967
907
1012
1080
1050
1036
1021
1038
1040
1016
982
1003
1028
972
1034
998
963
1027
967
973
914
980
1042
966
1025
1004
952
1001
1036
1050
1003
934
923
1041
986
998
1048
1000
986
966
991
1036
996
981
1046
1012
1008
1066
1038
984
1013
1005
985
949
973
1029
1047
997
1019
1019
1015
1041
961
1017
1023
1001
978
994
1045
1013
941
955
1011
974
933
990
1046
1040
992
1011
999
1017
1030
1041
1017
1005
1023
1032
985
976
990
1040
979
1034
1019
1049
1065
988
1068
1052
1064
992
1039
1015
977
998
1027
990
1020
1018
989
1048
979
1007
989
972
972
977
947
981
1017
1042
1026
923
988
1026
973
957
977
990
1027
983
942
967
933
1004
943
981
1013
988
1060
1041
1012
1023
1044
988
1026
1047
981
981
999
1060
1032
1062
1032
1018
999
991
1034
1035
997
979
980
1020
989
973
1043
967
957
1001
943
1070
1040
982
1045
1011
945
978
995
1038
964
1011
989
1019
982
1013
959
1037
999
1026
1025
966
985
1048
996
983
1005
1044
1035
965
972
1011
978
974
952
1032
964
1039
968
1017
901
991
940
941
1054
998
1035
1004
970
945
1014
1048
1036
991
1034
972
958
977
1009
973
990
972
960
1062
1051
1088
1002
987
1031
978
1050
1004
984
999
943
987
1007
1008
1002
1002
1041
993
1027
1014
1002
952
1034
1007
1004
1010
993
962
1012
953
989
942
1016
1022
983
988
1015
962
1016
1013
1016
964
1023
987
1017
978
1008
979
982
1039
995
1066
1004
971
999
971
976
999
977
1011
1060
973
1038
950
1001
1005
988
1008
983
1050
952
986
995
1031
1031
938
1004
1041
1065
974
969
1011
994
1017
1062
984
1034
998
991
994
1017
1065
931
961
1007
933
951
948
1003
1003
1056
1007
1050
959
1010
977
983
1030
1048
1027
1018
1006
971
988
1014
1037
998
1029
984
1003
990
940
979
950
939
941
922
1000
1064
971
956
978
995
949
1015
1056
1035
1057
955
1040
982
992
1026
1002
999
953
986
1008
992
980
947
1006
1034
1007
987
1034
1026
1004
1005
978
1050
1050
1021
984
1006
1013
1019
1029
1039
997
970
1070
947
970
964
1010
943
1070
1069
982
981
950
1002
1037
990
997
980
992
1000
1019
1031
979
968
988
1024
1018
1000
954
998
994
1026
1040
940
1058
1025
969
1010
989
1003
1017
978
969
931
1013
1022
955
1034
996
999
995
970
961
908
983
986
1073
1001
1006
1030
970
1009
1026
1014
1003
996
1062
1004
990
1023
1021
1001
991
1121
984
1025
1024
1012
1005
986
970
1036
961
1004
985
1005
1033
1006
991
983
1029
1061
969
1009
999
1008
1066
1042
962
1062
978
1019
1016
1004
999
983
1006
975
1054
993
992
1061
991
975
955
976
1000
996
988
1001
1013
995
984
975
1021
1021
1043
1033
992
1031
1011
1029
933
978
951
1007
979
960
992
1040
1060
956
1095
1001
982
996
1011
1043
972
954
939
1034
1014
1022
1041
984
1005
996
937
970
981
1003
1015
1076
990
1040
1040
1020
994
968
985
966
977
1015
1021
971
1033
947
1050
982
984
1030
999
1029
1008
964
1022
1036
1007
987
1004
992
1055
980
994
1014
1029
969
1007
997
1029
966
993
938
1002
1025
986
1026
975
972
961
981
942
1029
1034
995
1012
980
931
1021
1009
984
1070
919
967
1007
991
1014
1034
1023
957
956
962
1062
963
1020
959
1018
972
996
1020
962
994
967
1023
1026
952
1008
975
988
983
1032
1015
963
995
994
908
970
965
991
963
996
1017
1027
978
921
1077
1045
993
987
1029
948
1039
978
966
1024
996
1038
1009
1062
993
998
978
967
1037
976
924
1038
951
1036
992
966
990
1039
1026
1030
1020
983
1007
1036
997
1010
1034
974
1005
979
1044
958
1043
1034
1012
980
953
1034
988
986
994
994
992
1071
989
1007
1001
1010
1023
946
1022
930
981
1043
1081
992
975
1001
1017
1008
969
969
977
971
965
1011
996
940
1004
995
1009
969
1000
994
1017
1052
996
914
964
1017
996
1008
987
1005
945
950
989
997
1045
1053
1023
981
974
1042
909
1013
968
1031
1005
969
979
1051
1000
1001
956
1002
981
989
995
956
979
1015
1059
1012
963
975
997
1022
1019
933
1044
1007
1026
1004
985
978
1029
985
989
974
1043
954
1003
950
998
1077
999
961
955
987
961
1046
1026
1031
949
989
1040
966
1000
976
1007
1012
1050
977
979
1010
972
1014
1006
1001
937
1035
984
1017
962
1013
1022
998
1020
963
997
1065
975
1002
1015
1008
1007
973
937
1001
1017
1078
1052
1028
1049
1029
1013
976
969
1025
1018
963
1027
1035
983
982
994
1012
1044
1028
973
1022
1038
942
1011
1032
985
1010
959
965
988
964
942
1024
964
1016
1060
971
1064
1011
1034
1003
969
1011
1063
1004
979
998
1053
955
981
1006
1010
941
1020
985
972
1021
984
1001
1012
1016
1019
1053
1020
989
986
1001
1002
963
1034
988
988
963
1013
951
1005
976
1051
1001
1003
968
949
912
1016
989
1004
973
1013
1002
952
964
1023
1008
999
1013
1013
968
981
986
994
995
1021
979
1013
1000
992
1008
1020
1007
982
984
1025
996
971
1005
1024
1043
948
988
1004
973
1020
1048
935
989
1001
941
1046
1048
996
1054
1051
1020
927
1029
1018
1007
1007
924
952
1047
988
1058
972
967
983
1038
955
1000
1043
1033
1010
987
998
919
971
909
1096
1035
946
961
1023
1019
990
976
976
1027
987
985
960
1034
960
1032
1016
1006
1013
988
1029
1050
1027
1065
943
1047
993
992
981
955
972
1009
1012
1032
1032
1030
975
987
1008
965
1049
999
974
1067
1040
1006
997
1001
964
1058
971
996
987
1014
986
1007
1014
981
977
1015
990
1071
971
1004
1001
1035
941
1020
965
1011
1037
976
998
988
970
1046
1019
994
1022
1029
1033
968
974
1029
1028
979
1029
998
971
971
1018
1066
1009
1007
1021
983
996
1030
989
1010
1039
1014
976
951
985
981
961
1053
1038
1008
1004
946
986
999
983
975
979
957
993
987
1015
998
1024
1071
981
1002
1050
981
1005
1006
989
1040
982
1014
999
973
993
1026
1026
1012
1084
955
975
969
1011
992
1005
1060
944
1018
1021
975
1033
942
1008
957
1041
995
1006
975
984
981
1035
1050
1032
991
1014
996
970
996
989
981
978
966
952
1008
944
995
1031
1019
1008
997
991
986
1047
1004
1066
1012
991
957
1011
1014
962
1029
1001
985
967
988
1038
1033
1015
1022
1012
1025
1019
968
1036
957
1023
1014
954
977
897
981
1008
1020
1008
1006
994
996
996
1039
928
1052
988
999
1014
1015
1069
1002
985
974
1035
949
986
1008
1020
1025
966
1013
1013
1027
1017
1048
1020
1007
1079
983
994
1000
1047
970
1007
983
982
1040
973
1023
965
1011
1012
1020
1036
963
951
972
994
956
1035
957
1035
981
981
1026
960
1033
1016
1020
992
1025
993
1005
998
939
947
1018
953
1027
993
954
1003
999
1056
991
940
999
972
968
1045
1002
995
1014
1036
1049
996
1051
982
1016
1071
1010
989
1009
1024
999
1032
992
992
1000
1018
999
980
1009
1061
989
973
996
1034
1011
989
987
990
1031
980
957
1007
1009
968
1055
1006
970
980
982
1008
1006
1008
1022
1006
999
1030
1031
970
960
1007
977
979
991
990
981
994
991
1001
957
1006
1018
1007
994
1015
1028
986
1020
1036
965
1058
1033
1005
995
1009
999
1009
1043
1039
996
1056
971
1001
1001
961
1029
1006
1027
1023
1039
948
1009
991
1038
1030
999
1001
1001
984
1027
1010
998
1041
1028
985
987
981
976
997
1047
993
1029
1058
995
1009
1051
990
1044
1027
979
1003
996
992
1042
938
984
1065
1030
977
1018
1022
954
995
962
1027
943
1035
1032
985
1068
1019
924
1073
996
988
971
1024
1002
966
977
973
990
1009
971
1048
1073
1055
1005
943
999
980
1043
1012
959
1025
1033
984
1027
986
961
998
977
1026
1006
1018
961
1017
980
988
1018
996
1020
1000
991
1002
1012
1009
960
1006
982
1010
966
963
999
987
1013
1041
987
968
986
1011
1013
1049
980
941
997
1004
944
1001
990
1033
984
1079
1013
1028
1026
996
1071
1028
1013
966
898
1016
984
1007
966
1007
1019
1031
960
996
1031
971
990
1043
1027
979
1011
967
1039
981
985
1061
1040
955
1030
971
977
988
1024
975
945
995
945
958
951
985
1037
1045
939
996
965
990
985
1012
994
973
967
1008
1027
1010
1004
1018
1005
961
1022
1000
1032
986
997
1017
1007
1008
987
1013
963
1010
1022
993
962
1047
982
1041
918
963
1024
994
988
1012
1048
1004
1009
996
956
1022
997
947
1060
987
1030
1011
1022
1061
1054
1005
1008
1035
979
1047
960
986
984
988
1043
994
1003
1030
984
982
1001
1017
980
984
1019
1027
989
956
1036
961
995
1027
1000
991
1066
977
987
988
1016
1043
995
1035
998
1026
985
1015
1046
962
1000
1022
1032
1015
1037
1007
1035
991
949
989
1043
1002
959
1055
1010
1061
1022
932
1037
995
1035
959
993
1002
1026
987
954
980
954
1073
1008
1018
1019
995
984
1007
1004
1010
1014
1070
1025
954
959
981
1047
1014
989
1030
1003
1023
982
1003
1002
1057
1024
1025
1008
934
1007
973
1084
1014
1017
1016
1017
969
1056
987
1036
1020
1023
965
1008
990
970
970
1045
987
987
946
954
973
941
993
963
1013
962
1034
1014
1009
1038
991
985
1037
932
972
1014
1050
966
972
950
1031
1044
1000
949
953
964
995
990
1072
1027
1105
1002
1020
1000
989
1019
995
995
995
1002
968
1024
1050
974
1016
1073
1013
968
966
1033
1035
986
961
994
1011
990
1010
1016
970
1011
1045
1007
961
988
997
1040
1031
1069
976
943
993
970
997
990
983
986
1038
1043
1030
944
994
957
973
989
975
971
1020
1035
1022
1039
1001
1083
997
974
1027
1046
1001
991
999
1020
1007
983
984
982
967
1005
1060
983
958
977
1021
975
986
1002
965
1025
964
1031
1036
975
1011
1015
954
966
1006
989
996
1020
962
1027
931
1014
970
1032
944
975
995
976
1012
983
990
977
1024
1011
1030
1045
1010
1023
1030
963
960
1057
1034
1036
1035
990
1010
997
1005
1030
984
1052
1000
983
943
986
1017
1000
967
986
949
970
965
1018
1012
1001
1072
1020
971
1037
1025
973
1078
927
1062
1008
1026
1060
1007
1006
991
982
1051
1019
1010
965
1009
997
1014
974
962
1015
977
1037
1027
1032
1032
1035
1036
1025
1002
1007
1035
1013
980
994
994
925
1030
922
1036
1003
985
976
984
1025
978
1035
1014
997
983
936
975
1004
969
948
1034
1014
997
1029
1011
1015
1037
951
1030
1027
995
1001
985
1022
1032
985
997
1015
938
976
1007
998
1038
1018
1008
994
1051
950
1007
999
975
942
959
1038
961
969
968
1053
1013
1020
1008
974
941
978
1011
970
997
1020
1021
1003
995
1009
998
1016
991
981
982
967
1044
983
998
975
943
919
994
1042
950
1031
1046
990
1000
957
963
947
960
978
989
1002
981
988
1008
1004
1013
946
978
961
1056
939
1017
1030
937
929
1018
934
969
1021
1000
1001
978
988
974
1015
990
994
1050
1003
1042
1047
1021
974
1026
1021
1009
988
1014
1011
998
1038
1004
959
1012
969
1011
1018
958
1003
913
1070
992
1023
995
1069
1027
1043
1009
1063
1000
1019
1059
1085
1028
1011
1031
1024
940
989
999
1000
1009
955
993
927
989
1022
1028
939
1007
1011
1032
971
955
981
995
1001
1041
968
1002
1004
951
962
1028
1005
1034
995
997
972
1021
1006
1026
996
1017
1000
976
983
1051
959
1017
990
1043
986
913
1014
1006
1032
1037
1060
1062
1007
1037
993
1028
977
999
976
1016
1043
935
979
992
953
1054
992
991
962
1075
973
1045
1024
985
1025
1023
1059
1007
1078
1021
1023
1017
955
1012
1051
1005
989
1001
996
1021
975
1028
987
1008
944
1016
1002
1002
979
990
1025
1023
1032
953
1061
993
1045
1022
991
962
967
1024
989
966
1023
1048
989
959
1051
993
1019
957
1006
1005
1026
1066
939
982
992
1001
1001
975
999
990
1017
916
985
985
986
1003
1020
1034
984
951
949
983
1035
934
1046
990
994
1012
994
983
983
931
966
940
1040
1010
1025
976
976
1003
1048
1018
1009
951
1022
1038
1045
1069
1023
931
1011
1035
1052
1005
1001
968
993
1015
1020
975
947
1000
991
991
977
992
977
979
1074
995
1043
903
997
942
969
999
1058
969
989
1012
978
966
1020
1009
999
985
962
1009
989
1013
1010
982
1009
982
998
1002
984
962
972
1033
995
1013
937
1016
1056
965
1010
1075
986
1040
1029
1045
989
1050
1010
997
1068
1026
1003
1001
1045
1034
1001
1056
976
983
1035
976
968
962
1021
1002
960
1017
1031
997
1047
960
1000
942
982
1022
1025
1004
1038
1065
978
992
1031
1001
1000
985
1076
1005
1034
935
974
1024
992
1000
994
993
968
972
963
998
1014
1031
991
1038
951
1022
968
967
976
1010
960
1022
989
996
1033
1014
984
998
994
968
1012
1053
1035
957
975
971
1015
1001
983
991
1006
1000
995
933
985
969
1006
1003
980
1039
989
996
955
980
985
1038
1032
1009
1030
1017
980
1027
982
1060
986
1000
928
1028
1065
951
1023
1007
1011
977
1000
975
1019
986
1032
977
1005
960
998
971
1050
1014
986
972
1011
992
963
997
948
1002
993
1061
991
1030
1085
982
993
1040
1021
1072
989
948
1051
956
924
922
1003
1004
977
950
1018
980
1064
1007
1020
1020
971
940
1002
1003
1017
1000
1005
988
1011
976
970
961
1020
1001
983
979
1044
1059
1001
935
1001
1053
975
1001
1047
1067
992
944
1006
978
954
994
975
1032
957
1012
1014
995
980
987
1017
1008
992
1003
953
1010
1029
1038
1064
957
1025
947
963
996
1038
994
944
954
956
923
1084
999
1013
942
1022
991
986
951
1027
1022
968
961
1011
964
971
988
1064
960
1012
996
1013
1043
1075
959
998
991
1003
941
977
999
996
973
987
983
1013
1026
1040
995
1002
1027
1047
1010
989
971
969
951
975
1070
998
1006
970
1037
971
1003
971
1067
988
1009
959
1012
998
1057
989
993
987
993
1023
1020
940
1011
995
1042
1003
1021
994
977
1062
974
970
1014
1016
1002
980
960
1045
947
984
991
1029
989
1019
1001
964
1081
1018
999
999
965
962
1071
1032
1002
1002
1031
952
977
1038
1032
1017
990
946
1016
993
997
986
1008
945
1003
1015
976
1020
979
978
1062
992
985
1084
986
986
975
998
967
1038
1032
1060
977
957
1069
1066
959
986
1041
1008
1055
1005
968
1001
999
1004
987
975
1000
992
1050
1016
966
964
940
1003
1052
992
971
1024
985
1019
992
1025
987
1032
981
995
1006
970
1027
956
957
969
959
1021
1014
1020
992
1026
1013
994
996
1059
995
1033
1000
959
1072
1020
1018
973
998
985
999
992
1008
1074
986
953
979
961
946
990
1007
1017
1016
1072
974
998
998
1026
1018
1015
998
1036
1000
1027
986
1033
988
981
1026
986
984
980
1029
1020
1001
1050
991
1032
1013
982
999
1056
1006
998
949
1004
1049
1012
1049
962
958
992
984
988
1040
1017
1009
947
990
998
998
1008
994
986
972
1003
938
985
955
934
1006
1020
991
1001
1003
984
1064
1013
946
998
1015
982
1054
1014
978
1018
973
1014
991
987
1023
1046
978
939
1011
988
1009
1009
931
1005
998
967
1015
994
1019
1042
966
1002
1023
1037
1013
1007
983
1037
967
970
945
1038
1018
999
1030
1003
974
988
1032
996
992
1052
987
965
1002
1049
1004
988
1048
965
958
1014
1017
991
1007
963
969
1020
973
961
1051
956
981
951
1046
1011
1027
1042
986
960
1012
1049
1033
994
1048
952
999
958
1039
977
940
1016
999
1058
1020
1015
1041
976
995
1010
973
1002
1018
1009
992
1037
1021
935
1023
1046
992
978
981
1013
956
988
1048
990
970
949
960
991
1044
969
1038
1009
1000
994
1009
1011
1019
1016
997
992
989
995
1022
1016
991
1041
977
952
982
1016
1016
983
970
1007
998
1006
992
1052
1013
999
1054
1030
1030
1006
1022
957
974
996
983
928
984
986
938
998
974
1008
1019
958
976
1014
1031
1045
976
922
995
946
997
1015
1009
1024
1009
1002
998
993
1033
982
1014
1041
978
1039
992
967
1012
1006
983
1020
985
994
933
990
935
1012
977
1004
975
1065
1008
1006
1049
990
992
999
946
971
1019
1020
977
1043
978
1026
1043
1003
982
1009
993
949
1014
988
954
968
1026
993
1038
973
955
1010
922
1027
982
984
970
1075
993
976
983
1012
1009
1051
992
928
1002
994
1005
979
991
972
1003
1006
1006
987
1023
1027
902
996
1010
1021
1054
1049
983
1015
1004
969
1009
969
971
995
979
1053
985
1003
977
983
1063
1015
984
1033
1007
968
1005
1021
1002
948
1022
985
953
985
1068
1022
945
1000
996
944
997
1019
1005
1010
990
1060
984
916
1023
1025
970
991
993
978
995
1030
966
917
944
990
1021
987
1034
1006
1037
1041
1017
1016
934
976
980
1012
1023
1046
1029
1025
1005
1037
976
1032
983
1032
982
1027
1014
1003
1030
978
1012
1028
974
987
948
988
999
1007
993
1007
983
982
988
973
990
992
1015
987
1003
972
950
957
1017
982
1022
993
1001
968
992
1015
980
1046
964
953
1069
951
984
990
1015
973
976
1011
1010
1018
1076
1019
999
943
1003
993
1036
996
1019
977
966
1040
961
989
941
1000
984
965
1029
1020
1011
1005
1024
1011
1016
1030
970
965
1020
990
1001
977
1046
969
1001
962
1048
1006
1026
1013
960
949
1006
1028
938
1017
1021
1046
982
1001
986
991
987
1000
1003
1021
976
1004
1023
1016
921
1021
962
993
1028
1016
1018
968
1001
983
935
1024
1003
1001
952
958
1027
990
1001
990
949
1034
969
1025
1080
1108
1015
989
1029
993
1054
986
1041
988
969
966
997
1001
1025
999
1020
1000
1005
977
1027
1024
986
1005
960
952
973
979
932
934
996
1079
981
1001
965
991
983
971
951
990
992
1017
1010
1066
1016
970
975
961
1012
1049
1041
989
1040
990
969
1033
997
1040
1044
1062
1027
993
1020
993
979
980
983
983
959
1038
1002
1046
958
932
985
953
975
988
957
1011
956
1026
998
1016
1035
970
1022
981
1017
963
962
991
1030
997
980
966
1060
1055
1012
1012
1020
959
997
1019
989
1018
952
1009
968
992
1066
994
992
964
963
1023
982
1010
1055
960
1052
968
1010
1028
1016
978
1018
936
1015
949
1033
1035
1030
1100
965
979
990
978
1059
1040
964
968
941
993
998
1012
1003
949
980
935
988
1009
1000
985
1027
984
936
984
988
984
956
1019
1014
1025
1037
996
1001
1036
984
985
966
969
967
1018
1011
995
1021
960
1033
1000
978
985
1016
986
979
1024
1008
935
968
927
1006
975
1006
1011
1020
1016
1051
980
958
1008
1004
994
996
969
956
1015
986
1030
986
981
1067
1033
1011
995
1029
1024
1001
989
996
993
1004
965
1020
970
966
972
1011
964
964
1000
1046
994
980
981
1045
1068
1017
1023
965
1025
1048
995
1008
974
949
995
1034
1027
1044
979
995
1013
1031
968
1014
997
1000
976
956
970
984
1042
1055
949
1016
1005
941
1016
949
1032
1069
1029
1033
955
1034
978
1020
998
1026
972
978
1018
1046
973
1007
990
1046
997
972
996
1009
1002
995
1033
999
998
1028
1008
982
1007
974
957
1073
1026
955
989
1050
1000
984
996
994
1044
1011
1044
994
1068
1001
986
1011
1023
980
1082
981
932
999
1000
1015
943
984
970
996
1037
994
999
1026
999
1003
1047
1023
1007
1041
984
1004
1028
1021
1042
1007
1075
1003
974
966
975
990
992
1022
1034
993
1023
1020
962
962
902
956
1020
971
964
978
1037
1036
951
995
960
976
961
996
1040
1053
991
1013
971
1016
965
957
953
961
1050
1003
975
1021
1024
962
1017
947
1017
922
986
939
998
1002
981
1009
1015
1035
999
976
990
976
980
980
969
1020
951
1015
971
1011
1005
988
1003
1044
1001
1025
968
966
975
1017
1020
1004
1023
990
1090
1007
991
991
1009
1043
1059
1003
995
1044
991
1007
1110
1006
1024
1035
1002
1034
991
937
1059
991
1040
1017
995
1025
1055
991
1023
961
976
945
989
980
971
994
1022
1005
985
1043
1077
1067
997
971
971
1050
992
1011
968
1039
1040
961
990
1003
974
1062
953
1006
920
1018
1030
986
970
1006
1032
974
985
1008
1030
941
983
950
1016
1019
1041
951
962
1030
997
1006
1042
1001
1000
1010
995
1029
1006
1007
996
962
978
1029
1019
994
983
952
1046
977
952
1004
1023
989
986
969
1013
1049
1004
999
967
1069
1032
1004
1024
975
953
932
965
971
972
992
1024
977
1003
971
989
1027
998
999
1029
981
1061
999
955
991
925
999
1016
1047
1000
997
991
1063
1015
969
1013
987
985
977
974
1010
957
1048
963
998
991
993
948
1008
991
900
963
984
937
1011
996
1000
996
1020
1051
1065
995
988
1002
1021
1025
1015
983
926
1025
1023
945
1014
1020
945
984
977
999
1025
1064
979
1009
1021
976
968
950
1017
1012
1043
1005
1004
1038
1030
1001
1010
1011
1001
1007
995
1002
968
986
1054
991
1013
957
1020
988
939
952
1042
1015
1020
985
1006
1011
955
982
981
1012
1055
1009
1045
1006
1049
979
1046
993
974
1017
1029
967
1020
960
1005
990
1035
1014
998
1005
977
1013
1018
944
1019
987
972
1020
992
1013
980
1024
957
963
995
1011
1041
1020
1005
976
1025
1042
902
1040
985
989
945
956
1046
970
983
1065
951
1024
1001
982
1009
989
972
966
1019
1030
1009
1067
927
979
996
1004
969
1056
945
972
1044
1003
1040
1022
962
1022
989
970
974
1008
958
947
992
1011
982
978
1024
979
970
1021
1013
977
996
1044
1010
1033
1028
987
992
1015
1008
986
1042
996
1023
1033
980
976
967
1009
989
1008
986
1012
991
965
1004
975
1014
1016
1014
1003
1033
1026
972
1057
994
961
1060
1039
961
1001
1005
1018
985
1011
1005
993
982
1025
1039
1014
1032
982
1008
1009
1033
979
998
988
1033
1021
1031
964
1005
1026
991
989
1038
1033
952
1031
1007
1011
1059
1035
947
1027
990
979
965
970
1042
999
964
1003
1002
1044
1040
1013
1013
1002
956
977
988
984
995
1032
1029
980
976
984
999
965
958
1038
975
931
1005
1017
980
1052
1013
939
970
949
1074
1019
989
1022
952
1060
1065
1002
993
956
964
982
1028
1021
1032
993
1014
971
959
1014
1038
1011
937
997
981
1070
1016
983
986
1003
1033
986
1037
998
996
1070
1036
978
972
1033
990
984
981
1080
1003
959
1027
998
1017
1042
1009
999
1027
1019
950
1058
993
934
1007
985
987
1014
1020
977
1029
1010
1018
1005
1011
976
993
1010
1011
981
957
973
1058
1030
999
959
1019
956
977
989
954
989
1011
1017
1012
1000
1001
1019
1015
975
1008
1051
970
1012
950
1022
1061
1007
1016
1008
983
959
953
1039
988
966
965
971
1022
965
1080
1025
989
957
1009
952
994
1002
931
966
969
982
1002
1017
980
1002
980
1030
986
1007
1023
997
990
972
1015
967
1020
1024
1043
977
1031
973
1021
1038
1034
949
959
1000
986
995
949
989
926
991
1028
1007
994
978
1000
978
974
984
981
1037
1007
1013
946
972
956
981
983
1051
1007
1032
990
1007
1004
994
976
1071
1006
999
954
985
1018
1003
979
1032
971
937
935
960
953
982
1011
983
993
995
1033
947
960
1043
1033
1025
1023
1039
1017
977
1008
991
1027
1051
968
1016
961
1020
1003
1017
988
1041
979
997
1010
1024
1046
998
993
995
932
984
965
1008
1012
994
1067
992
966
953
969
1021
1003
985
1023
1012
986
972
1024
937
1009
933
1050
991
1024
1006
1007
981
1029
1009
1019
967
995
1009
944
1020
1033
1020
993
1005
998
1053
990
983
1003
1030
1014
997
1017
1039
969
995
993
996
1042
1019
1000
989
998
1023
1027
1008
990
984
1013
1028
1012
977
1001
1014
1025
979
980
972
1016
996
993
1024
988
927
1037
1012
1002
1033
956
994
1026
964
1009
977
1026
1055
936
936
984
1043
1005
1059
971
1024
1021
919
1002
1010
966
1006
963
956
970
955
1032
998
1029
1005
993
977
1063
983
1001
947
1066
1021
1017
998
1010
970
986
950
952
980
1038
986
993
994
1046
1027
1002
964
985
1039
1032
984
1010
1019
988
980
1020
1068
1002
978
988
964
1044
1022
956
1005
1076
985
1033
1011
987
1019
1008
1021
995
980
968
1002
1022
1041
1001
986
1001
998
1023
938
1010
1035
961
1014
1034
1027
1031
1037
991
957
1056
1017
980
973
971
966
994
1024
957
1027
1015
995
1018
983
1059
984
1064
1005
1008
1012
1037
1029
1020
983
999
1000
985
1035
982
938
998
994
1032
987
1011
983
978
1033
1006
978
980
977
1002
1025
942
1040
1008
1034
1008
1037
1038
950
1036
970
1066
1011
980
998
1026
998
1041
977
1034
1021
1035
1059
982
1018
1014
992
981
968
979
998
990
1021
997
1013
985
1004
956
1024
1026
993
1035
1023
977
1020
1020
1018
974
1061
997
1018
988
994
983
1025
981
1046
1006
1006
1004
945
1050
993
998
939
997
1004
1000
1023
1021
1027
1037
1042
1042
961
1058
985
1003
1033
1063
1014
1031
1001
978
1018
965
1002
988
1027
994
965
984
986
996
1031
1005
1005
949
950
1042
986
982
1072
981
974
995
1005
1002
979
929
997
994
1032
960
992
997
1008
977
974
943
994
1021
991
995
980
976
961
1055
953
966
981
1025
1031
978
1043
1054
1021
1004
979
1013
1020
988
979
963
993
1023
1053
1005
1016
1103
999
1014
994
972
1042
1053
1074
1029
964
988
1029
970
1017
985
988
917
993
961
1020
1076
962
1040
991
970
1103
1024
967
966
1004
1016
1036
1038
940
1000
1015
972
1056
974
931
999
994
1017
1024
1028
905
1017
996
956
1012
1036
981
1037
1050
949
963
1027
966
1033
992
982
975
1058
1025
1048
1068
1020
1013
930
1010
1030
1078
970
1028
971
1002
1055
1023
1033
996
1010
999
1039
972
1001
982
974
973
987
984
1033
1018
1038
992
927
977
1021
1012
965
1014
1049
965
1044
959
1015
956
1022
989
1027
996
968
1064
996
1010
972
923
1000
1002
1018
978
959
1012
1008
993
1064
964
1023
987
990
1001
1020
1113
1013
964
1008
1016
997
960
949
985
1023
1021
979
992
1019
1020
1012
964
972
1003
1009
989
1048
1047
1021
1016
936
1054
1019
1058
937
934
1026
1011
961
977
1018
997
992
1040
1010
977
1016
958
1039
1011
1021
1040
1017
986
951
978
1071
991
997
1031
941
1037
1020
986
994
968
934
1008
999
954
1015
946
1019
1039
962
1004
954
1033
949
985
984
988
961
1078
940
1021
1040
1022
997
1045
1013
992
1014
1034
934
988
1021
1008
990
957
981
985
981
1006
931
1031
1028
1006
973
1030
1005
952
1063
1022
1009
1024
962
982
1009
1008
1047
973
996
994
988
1007
995
977
1072
994
1004
984
1006
1029
1001
993
968
1018
988
974
1029
993
1019
1015
978
994
973
945
1008
1019
1013
996
977
1011
1027
975
938
1062
1020
939
1004
949
1010
1008
1014
982
919
992
1015
1018
1011
966
986
996
1032
1017
1001
1011
989
1053
977
1033
968
1060
979
985
975
1004
1014
952
1011
996
993
996
1001
1051
1017
971
1053
1034
995
973
1008
1015
1012
1004
1010
966
970
1049
1052
1014
980
999
956
1032
1004
1003
1004
953
1014
1034
996
983
997
966
979
1011
1004
1016
963
1070
965
1038
943
978
1004
997
1013
954
1081
1012
1007
1003
1017
1025
1048
