0.5997222
0.5879167
0.6007639
0.5927778
0.6066667
0.5575
0.5865972
0.6010417
0.58340275
0.6022222
0.5951389
0.6115278
0.5883333
0.59875
0.6009028
0.57819444
0.59368056
0.5769445
0.5886111
0.5804167
0.60006946
0.5890972
0.61277777
0.62048614
0.57944447
0.5857639
0.5961111
0.608125
0.6031944
0.5767361
0.58805555
0.6024306
0.5832639
0.5833333
0.59375
0.58381945
0.5915972
0.6047222
0.59791666
0.58
0.5934028
0.5758333
0.5609722
0.5822222
0.60986114
0.5738889
0.60756946
0.5888889
0.5928472
0.5607639
0.6105555
0.5861111
0.5817361
0.59805554
0.60291666
0.6045139
0.6059028
0.60180557
0.57979167
0.59402776
0.60388887
0.60020834
0.5985417
0.58520836
0.575
0.5613889
0.5842361
0.58402777
0.60791665
0.5817361
0.57395834
0.5923611
0.5889583
0.61069447
0.58597225
0.60006946
0.5927778
0.6003472
0.5846528
0.5984028
0.59305555
0.59944445
0.5777778
0.6020139
0.5940972
0.6024306
0.6024306
0.57055557
0.5868056
0.61541665
0.5495833
0.57631946
0.61409724
0.58784723
0.59208333
0.5872222
0.5775694
0.5998611
0.5908333
0.5913889
0.58666664
0.59375
0.58652776
0.5694444
0.5697917
0.6153472
0.57895833
0.59506947
0.56430554
0.595
0.59541667
0.5782639
0.59243053
0.5872222
0.59715277
0.59076387
0.585
0.6297917
0.58694446
0.59458333
0.5851389
0.59402776
0.59368056
0.59041667
0.6031944
0.599375
0.5534722
0.5775
0.60680556
0.6007639
0.6047222
0.5875
0.6022222
0.6092361
0.61541665
0.59625
0.60305554
0.583125
0.6192361
0.62416667
0.59673613
0.5879861
0.58520836
0.59055555
0.60791665
0.58916664
0.5975
0.58805555
0.58923614
0.58958334
0.59923613
0.6016667
0.6
0.59381944
0.5953472
0.5677083
0.61465275
0.5846528
0.57263887
0.591875
0.61
0.60430557
0.63006943
0.591875
0.5754861
0.6006944
0.605
0.5790278
0.584375
0.59555554
0.5833333
0.57569444
0.58368057
0.62743056
0.60402775
0.58805555
0.59041667
0.5615278
0.5931944
0.59909725
0.59555554
0.60486114
0.62069446
0.60597223
0.57881945
0.60402775
0.5867361
0.57819444
0.60097224
0.58881944
0.55916667
0.5686806
0.58694446
0.5986111
0.5898611
0.59673613
0.57611114
0.5928472
0.6221528
0.6061111
0.6091667
0.61083335
0.60409725
0.600625
0.58090276
0.57680553
0.60020834
0.6027778
0.5998611
0.5782639
0.59152776
0.57
0.5886111
0.58840275
0.591875
0.58145833
0.5933333
0.5804861
0.61083335
0.63131946
0.5822222
0.5690972
0.6226389
0.58902776
0.596875
0.5999306
0.6004861
0.60465276
0.6088194
0.59402776
0.5854861
0.62881947
0.5785417
0.58284724
0.5765972
0.58625
0.5965972
0.59458333
0.5854861
0.62222224
0.5860417
0.59833336
0.5722917
0.5873611
0.5984028
0.61486113
0.57944447
0.61625
0.58305556
0.6076389
0.56381947
0.609375
0.57805556
0.62583333
0.5818055
0.59881943
0.6084028
0.59125
0.59194446
0.6222917
0.59715277
0.5928472
0.570625
0.5827778
0.57180554
0.6271528
0.6054861
0.57458335
0.56166667
0.59458333
0.60638887
0.6010417
0.60347223
0.59118056
0.6178472
0.5910417
0.5900695
0.61138886
0.59631944
0.58055556
0.6170833
0.6095833
0.59479165
0.606875
0.5850694
0.57881945
0.6054861
0.58868057
0.5804861
0.59506947
0.60486114
0.6120139
0.60347223
0.5800694
0.5848611
0.62430555
0.5943056
0.59576386
0.605625
0.60597223
0.5979861
0.5777083
0.5734722
0.5786806
0.60333335
0.6051389
0.59131944
0.6059028
0.5970139
0.5871528
0.5684722
0.60680556
0.56375
0.60159725
0.59423614
0.6029861
0.58020836
0.5840972
0.589375
0.58458334
0.6269444
0.5988889
0.60555553
0.5842361
0.58916664
0.56743056
0.57875
0.598125
0.5898611
0.57319444
0.5854861
0.60854167
0.5989583
0.5995833
0.5725
0.58361113
0.58555555
0.60854167
0.59326386
0.5966667
0.6126389
0.5790278
0.5946528
0.60180557
0.5901389
0.5947222
0.61291665
0.61277777
0.605
0.6251389
0.61
0.59229165
0.5895139
0.59555554
0.61645836
0.5792361
0.59631944
0.5793055
0.58631945
0.5846528
0.59625
0.61194444
0.58847225
0.58729166
0.6067361
0.6075
0.58069444
0.59826386
0.57784724
0.59520835
0.5858333
0.5925695
0.59131944
0.5733333
0.5986111
0.63048613
0.56548613
0.58743054
0.604375
0.584375
0.6092361
0.60736114
0.5729167
0.58145833
0.6013889
0.6028472
0.5848611
0.59152776
0.56319445
0.58840275
0.615625
0.5864583
0.60465276
0.5786806
0.5970139
0.60152775
0.610625
0.5663889
0.58284724
0.5893056
0.5838889
0.59208333
0.6165278
0.5702083
0.58340275
0.58402777
0.57958335
0.60965276
0.62819445
0.58597225
0.591875
0.57125
0.6066667
0.5847222
0.5977778
0.61604166
0.58020836
0.569375
0.60097224
0.6014583
0.61138886
0.6107639
0.59131944
0.5829167
0.5896528
0.5427778
0.60506946
0.5913889
0.5729861
0.60152775
0.57513887
0.59347224
0.591875
0.60694444
0.5613195
0.58631945
0.60770833
0.59583336
0.5832639
0.58194447
0.6011111
0.6103472
0.6078472
0.57763886
0.55791664
0.60638887
0.6016667
0.58340275
0.5943056
0.57375
0.5773611
0.59305555
0.60430557
0.5653472
0.6049306
0.57861114
0.5715972
0.59270835
0.5592361
0.5860417
0.5655556
0.62416667
0.59444445
0.5973611
0.6017361
0.5923611
0.6079861
0.5923611
0.586875
0.57881945
0.59076387
0.59930557
0.5854861
0.6051389
0.59
0.58597225
0.59
0.57611114
0.58868057
0.5684722
0.5757639
0.60638887
0.59208333
0.5925695
0.5628472
0.60180557
0.5920139
0.5949305
0.60368055
0.5867361
0.58875
0.60430557
0.5910417
0.59965277
0.57590276
0.62222224
0.6045139
0.5922222
0.61791664
0.57993054
0.5968056
0.5885417
0.5927778
0.59305555
0.5914583
0.59291667
0.6023611
0.5963889
0.5839583
0.5886111
0.5605556
0.5872222
0.6061111
0.61083335
0.6001389
0.5613195
0.5900695
0.60868055
0.60180557
0.60486114
0.6007639
0.5698611
0.60736114
0.5926389
0.60270834
0.57840276
0.6102778
0.5941667
0.56930554
0.5527083
0.60041666
0.5890972
0.6053472
0.59055555
0.5934028
0.6072222
0.60625
0.5740972
0.5989583
0.5998611
0.5981944
0.58881944
0.58625
0.5733333
0.60770833
0.61625
0.5877778
0.5926389
0.60381943
0.58875
0.60055554
0.5779861
0.6182639
0.63861114
0.58340275
0.5754861
0.5979861
0.5525
0.59131944
0.610625
0.60097224
0.5808333
0.61972225
0.5769445
0.5898611
0.59243053
0.59875
0.5832639
0.59034723
0.60180557
0.58881944
0.5769445
0.6198611
0.588125
0.5947222
0.5909028
0.58270836
0.58402777
0.59965277
0.60381943
0.60756946
0.585
0.6134028
0.583125
0.59444445
0.59375
0.589375
0.6084028
0.5651389
0.55680555
0.59930557
0.5723611
0.58166665
0.5901389
0.583125
0.5845139
0.6159028
0.58597225
0.5823611
0.5946528
0.58770835
0.6020139
0.5872222
0.5775694
0.5908333
0.6053472
0.6086111
0.6010417
0.59583336
0.5978472
0.58263886
0.5711806
0.5817361
0.60541666
0.6039583
0.59381944
0.60006946
0.5690278
0.57555556
0.5997222
0.5804167
0.58666664
0.5813889
0.5854167
0.58034724
0.54833335
0.5977778
0.58666664
0.5777778
0.581875
0.5902778
0.59423614
0.5623611
0.5858333
0.59833336
0.6221528
0.5988889
0.5911111
0.58263886
0.6029861
0.6089583
0.61354166
0.57944447
0.58625
0.6054861
0.58
0.5939583
0.59805554
0.59881943
0.58625
0.5877778
0.59902775
0.5995833
0.59229165
0.6147917
0.5798611
0.61145836
0.5898611
0.59458333
0.6159028
0.59270835
0.59583336
0.5721528
0.6028472
0.6105555
0.5796528
0.5986111
0.5888889
0.6067361
0.59868056
0.5925
0.5740972
0.6013889
0.58652776
0.5829167
0.6022222
0.60131943
0.5582639
0.6101389
0.5870139
0.5815972
0.6097222
0.58743054
0.61854166
0.60805553
0.59368056
0.58361113
0.59055555
0.5825
0.5928472
0.58243054
0.56895834
0.5609722
0.5938889
0.58111113
0.5790278
0.5911111
0.61680555
0.6013889
0.5941667
0.59909725
0.59805554
0.6007639
0.6056945
0.5904861
0.6053472
0.605625
0.57027775
0.59770834
0.58493054
0.5777778
0.6077778
0.59479165
0.58381945
0.60402775
0.55472225
0.58166665
0.5843056
0.57305557
0.5795139
0.5736806
0.59902775
0.6178472
0.6153472
0.61819446
0.58444446
0.6026389
0.60402775
0.5875694
0.6024306
0.5665972
0.58270836
0.5910417
0.5733333
0.58270836
0.5839583
0.61145836
0.5986111
0.5817361
0.6020833
0.57534724
0.60125
0.59708333
0.5808333
0.5683333
0.599375
0.5872222
0.5842361
0.6141667
0.6009028
0.5939583
0.61020833
0.61104167
0.62395835
0.58743054
0.585625
0.5804167
0.5946528
0.60597223
0.56083333
0.60291666
0.585625
0.60736114
0.59729165
0.5873611
0.58375
0.5690278
0.6070833
0.6286111
0.60152775
0.5956944
0.5935417
0.57569444
0.5959028
0.56972224
0.5873611
0.58784723
0.59
0.58034724
0.58520836
0.600625
0.6014583
0.61236113
0.5846528
0.6188194
0.5825694
0.60506946
0.59
0.5895139
0.5676389
0.62125
0.6064583
0.604375
0.595
0.57645833
0.625
0.5686111
0.5936111
0.6184028
0.61145836
0.58402777
0.6053472
0.5748611
0.5954861
0.5960417
0.5959028
0.6176389
0.59076387
0.60430557
0.60986114
0.60715276
0.6170139
0.5688889
0.5622917
0.57055557
0.5800694
0.58361113
0.58368057
0.5954861
0.59326386
0.5865972
0.6081945
0.5901389
0.603125
0.5973611
0.58784723
0.59097224
0.5790278
0.59923613
0.59375
0.60402775
0.60118055
0.5939583
0.59909725
0.6023611
0.5909028
0.6184028
0.6028472
0.59715277
0.5827778
0.5970139
0.5897222
0.57395834
0.5669444
0.58381945
0.59125
0.57743055
0.6009028
0.61118054
0.611875
0.5715278
0.6070139
0.57479167
0.5927778
0.60006946
0.60131943
0.573125
0.57319444
0.58666664
0.5886111
0.5913889
0.59166664
0.5721528
0.60291666
0.58652776
0.60583335
0.6063194
0.6042361
0.6109028
0.6074306
0.55715275
0.58784723
0.609375
0.56875
0.6064583
0.5876389
0.5943056
0.59923613
0.59097224
0.5784722
0.5953472
0.6023611
0.59194446
0.60770833
0.5850694
0.6145139
0.54909724
0.5896528
0.5777778
0.5945139
0.5829861
0.5888889
0.5890972
0.5763889
0.575625
0.59423614
0.59347224
0.60791665
0.6209028
0.6126389
0.59444445
0.5914583
0.5997222
0.58770835
0.59034723
0.569375
0.60388887
0.6002778
0.60583335
0.6153472
0.58875
0.5723611
0.59173614
0.57513887
0.61604166
0.6109028
0.5915972
0.59756947
0.5783333
0.59270835
0.6078472
0.586875
0.58534724
0.578125
0.6042361
0.56048614
0.60756946
0.58493054
0.5758333
0.5914583
0.59402776
0.5961111
0.5868056
0.59791666
0.59208333
0.58743054
0.5997222
0.59034723
0.5719444
0.5948611
0.593125
0.5910417
0.6211111
0.59868056
0.58194447
0.59791666
0.595625
0.6138194
0.58694446
0.58652776
0.566875
0.59208333
0.6009028
0.5893056
0.59583336
0.6045833
0.58944446
0.590625
0.5972222
0.5611111
0.61
0.6222917
0.60215276
0.5734722
0.61965275
0.58819443
0.57805556
0.6052778
0.58631945
0.61395836
0.5904861
0.60381943
0.6113194
0.6254167
0.5901389
0.5777083
0.5800694
0.6020833
0.62354165
0.60256946
0.58743054
0.55791664
0.5951389
0.5671528
0.5896528
0.59708333
0.5961111
0.6103472
0.5935417
0.59118056
0.5925695
0.5734722
0.61069447
0.6154861
0.5952778
0.5935417
0.59118056
0.599375
0.59125
0.5915972
0.6170833
0.6213889
0.60604167
0.58305556
0.61118054
0.5723611
0.5901389
0.6081945
0.60909724
0.58729166
0.5842361
0.59368056
0.5758333
0.5846528
0.586875
0.5963889
0.6023611
0.5883333
0.58340275
0.60791665
0.5759722
0.5978472
0.58284724
0.60229164
0.5926389
0.5848611
0.60270834
0.5790278
0.56819445
0.5829167
0.58381945
0.6170833
0.5711806
0.59875
0.5875694
0.5935417
0.6049306
0.6042361
0.6036111
0.59881943
0.57819444
0.584375
0.60375
0.57222223
0.5829167
0.5908333
0.5914583
0.58979166
0.58847225
0.586875
0.59555554
0.57354164
0.5936111
0.5626389
0.5968056
0.575625
0.60430557
0.60305554
0.5775
0.5995139
0.5795139
0.59868056
0.61472225
0.59618056
0.58666664
0.5948611
0.59729165
0.59020835
0.6091667
0.5877778
0.61819446
0.5797222
0.5725
0.5701389
0.593125
0.5843056
0.56854165
0.65416664
0.58145833
0.5671528
0.6097222
0.6173611
0.5868056
0.58361113
0.6016667
0.5835417
0.5885417
0.6180556
0.59368056
0.6315972
0.57944447
0.6049306
0.6070833
0.58270836
0.57222223
0.60125
0.5808333
0.58694446
0.5927778
0.58444446
0.578125
0.575625
0.5946528
0.5847222
0.6089583
0.60555553
0.5711806
0.6028472
0.59944445
0.58979166
0.58569443
0.5883333
0.58131945
0.5888889
0.593125
0.6063194
0.5858333
0.57006943
0.618125
0.61319447
0.59173614
0.58034724
0.5860417
0.5879167
0.5943056
0.6101389
0.5918056
0.58125
0.6081945
0.5785417
0.5966667
0.60180557
0.57305557
0.5773611
0.589375
0.59423614
0.5867361
0.5977778
0.5966667
0.5940972
0.5857639
0.5825694
0.5989583
0.6107639
0.6095139
0.6159722
0.59173614
0.57104164
0.6024306
0.58694446
0.5854861
0.64305556
0.58875
0.60715276
0.60756946
0.62493056
0.5561111
0.6180556
0.5879861
0.61493057
0.5770139
0.5979861
0.57555556
0.59729165
0.5868056
0.58111113
0.58368057
0.58652776
0.5809722
0.6090278
0.5947222
0.603125
0.59458333
0.5938889
0.5879861
0.61395836
0.58694446
0.5840972
0.5913889
0.6109028
0.6066667
0.5910417
0.5974305
0.5995833
0.590625
0.5843056
0.6202083
0.5893056
0.5923611
0.58805555
0.5790972
0.59479165
0.590625
0.593125
0.58534724
0.59923613
0.58402777
0.598125
0.6002778
0.5644444
0.57944447
0.60854167
0.5938889
0.5979861
0.59041667
0.58847225
0.6142361
0.59020835
0.59555554
0.5906944
0.5709722
0.5667361
0.5913889
0.5984028
0.59291667
0.5858333
0.59791666
0.60097224
0.59020835
0.578125
0.6063194
0.5783333
0.63243055
0.5991667
0.60368055
0.605
0.54756945
0.56548613
0.5941667
0.5734722
0.5822222
0.59479165
0.5761806
0.595625
0.5914583
0.5922222
0.5864583
0.5968056
0.5922222
0.57631946
0.5688889
0.6197917
0.5898611
0.59791666
0.5829861
0.585625
0.59444445
0.5833333
0.59479165
0.5566667
0.59423614
0.58708334
0.5997222
0.59125
0.6053472
0.5877778
0.60305554
0.5970139
0.6
0.6124306
0.58013886
0.58694446
0.6059028
0.6105555
0.5946528
0.5984028
0.6011111
0.57027775
0.5948611
0.58944446
0.5800694
0.60479164
0.5928472
0.61375
0.595
0.58479166
0.58555555
0.58819443
0.5765278
0.56895834
0.6025
0.6036111
0.6029861
0.60756946
0.5858333
0.6028472
0.5867361
0.57805556
0.6045139
0.61722225
0.57881945
0.59326386
0.5772222
0.58555555
0.6041667
0.5943056
0.57569444
0.57875
0.61743057
0.595
0.5965972
0.6020139
0.58
0.59965277
0.59930557
0.61388886
0.6076389
0.57625
0.59305555
0.58631945
0.62277776
0.57208335
0.5911111
0.5913889
0.60597223
0.5945139
0.6020833
0.58840275
0.5704861
0.601875
0.6009028
0.58340275
0.6076389
0.58729166
0.57361114
0.58152777
0.6047222
0.5895139
0.61083335
0.5863889
0.5964583
0.6023611
0.5655556
0.60083336
0.606875
0.60541666
0.6104861
0.57590276
0.6078472
0.6
0.60805553
0.6104861
0.58979166
0.58631945
0.58458334
0.5842361
0.590625
0.60770833
0.5815972
0.5783333
0.6095833
0.5758333
0.6111111
0.60583335
0.5858333
0.5910417
0.599375
0.61020833
0.59881943
0.5775
0.60479164
0.610625
0.62125
0.59923613
0.60833335
0.5854167
0.6095833
0.61743057
0.6032639
0.59770834
0.5974305
0.5821528
0.58125
0.59902775
0.58569443
0.55868053
0.603125
0.59173614
0.5902778
0.5829861
0.6009028
0.5914583
0.59715277
0.5908333
0.59506947
0.60465276
0.58125
0.5867361
0.59152776
0.59118056
0.59076387
0.57666665
0.6056945
0.59444445
0.5701389
0.5804167
0.61388886
0.59444445
0.5925695
0.570625
0.5832639
0.6010417
0.5939583
0.5858333
0.5973611
0.58166665
0.621875
0.58340275
0.6074306
0.58916664
0.614375
0.58708334
0.60291666
0.56875
0.5871528
0.58458334
0.5868056
0.5640278
0.5897222
0.6036111
0.594375
0.5973611
0.5732639
0.6059028
0.5815972
0.6024306
0.6035417
0.6034028
0.57819444
0.6255556
0.59541667
0.6198611
0.6059028
0.5999306
0.5934028
0.59847224
0.59208333
0.58111113
0.59631944
0.5963889
0.5748611
0.62083334
0.5873611
0.5777083
0.59243053
0.5988889
0.58881944
0.55020833
0.5720139
0.6298611
0.63243055
0.59673613
0.59868056
0.60347223
0.61145836
0.6130555
0.575625
0.5777083
0.5883333
0.57479167
0.5740278
0.5821528
0.5738889
0.61041665
0.59930557
0.61041665
0.5783333
0.6136111
0.6020833
0.60152775
0.6054861
0.588125
0.5965972
0.59055555
0.625625
0.60875
0.591875
0.5796528
0.58013886
0.5934028
0.5736806
0.5847222
0.5850694
0.58881944
0.60944444
0.5963889
0.5926389
0.5876389
0.5953472
0.5865972
0.59
0.6084722
0.5999306
0.5825694
0.58694446
0.5925
0.5733333
0.5790972
0.5857639
0.59291667
0.58729166
0.5953472
0.59118056
0.5936111
0.5911111
0.6024306
0.5945139
0.589375
0.5871528
0.5713889
0.5870139
0.59881943
0.6065278
0.61465275
0.6017361
0.5865972
0.58770835
0.6213195
0.6161111
0.5765972
0.5964583
0.60541666
0.57979167
0.6184028
0.58243054
0.5868056
0.6134722
0.60229164
0.59555554
0.6034028
0.58770835
0.5861111
0.60736114
0.58340275
0.5846528
0.5925695
0.5876389
0.58826387
0.58034724
0.5843056
0.5941667
0.60833335
0.6163889
0.5807639
0.5782639
0.59875
0.58131945
0.62
0.6091667
0.58631945
0.6045139
0.58590275
0.60270834
0.5835417
0.56319445
0.59909725
0.57104164
0.62048614
0.58034724
0.6222917
0.5854861
0.5995833
0.5807639
0.5767361
0.60833335
0.5991667
0.60020834
0.5798611
0.5676389
0.59055555
0.6016667
0.605625
0.5804167
0.57243055
0.61965275
0.5761806
0.5636805
0.5970139
0.5939583
0.6027778
0.57979167
0.5886111
0.594375
0.57479167
0.5704861
0.62048614
0.5897222
0.605
0.5817361
0.58361113
0.59423614
0.60118055
0.59368056
0.5927778
0.5807639
0.6195833
0.5720139
0.5938889
0.5798611
0.5902778
0.57861114
0.67715275
0.5646528
0.58069444
0.5883333
0.58993053
0.60486114
0.55604166
0.6070139
0.58770835
0.58569443
0.59868056
0.5909028
0.605625
0.60194445
0.5702083
0.5997222
0.60159725
0.57881945
0.5901389
0.58979166
0.5867361
0.6207639
0.5931944
0.591875
0.5770139
0.5929861
0.5868056
0.6031944
0.5959028
0.58493054
0.58069444
0.59479165
0.5926389
0.5850694
0.571875
0.5847222
0.5895139
0.59833336
0.6045833
0.589375
0.57944447
0.5860417
0.5775
0.6007639
0.60368055
0.58958334
0.58402777
0.57805556
0.6075
0.6029861
0.58708334
0.6390972
0.5976389
0.5933333
0.5939583
0.6088194
0.571875
0.59631944
0.6024306
0.5956944
0.59402776
0.59791666
0.61680555
0.61375
0.60729164
0.5711806
0.6201389
0.59291667
0.5729167
0.58534724
0.57458335
0.5872222
0.5946528
0.59694445
0.59097224
0.5904861
0.59229165
0.55430555
0.5893056
0.5752778
0.5879167
0.60638887
0.58
0.59868056
0.56333333
0.6105555
0.58743054
0.60097224
0.606875
0.5845139
0.59756947
0.58902776
0.6089583
0.62958336
0.5765972
0.57625
0.61277777
0.5988889
0.60375
0.61125
0.5795139
0.59770834
0.5864583
0.5895139
0.5926389
0.5890972
0.58402777
0.5829167
0.5948611
0.5865972
0.59381944
0.59076387
0.5754861
0.5733333
0.59694445
0.5925
0.5973611
0.60194445
0.58034724
0.5935417
0.5809722
0.5770139
0.60333335
0.59173614
0.5750694
0.5918056
0.5879861
0.59173614
0.5804861
0.61236113
0.5823611
0.6010417
0.58743054
0.59729165
0.6026389
0.59368056
0.61194444
0.58034724
0.6240278
0.6026389
0.6039583
0.5886111
0.5939583
0.59715277
0.5695139
0.5972222
0.6009028
0.60055554
0.5997222
0.6115278
0.5867361
0.59118056
0.5963889
0.59708333
0.60409725
0.5777778
0.5961111
0.596875
0.60083336
0.59305555
0.59631944
0.58743054
0.5740278
0.57604164
0.5857639
0.586875
0.56069446
0.59826386
0.5827778
0.5979861
0.61159724
0.6001389
0.61388886
0.5873611
0.5758333
0.5671528
0.56458336
0.6089583
0.5991667
0.5790278
0.59902775
0.58284724
0.56840277
0.5800694
0.6034028
0.58368057
0.57354164
0.585
0.58305556
0.57458335
0.6076389
0.58625
0.575
0.5943056
0.6009028
0.6082639
0.5848611
0.58743054
0.616875
0.5986111
0.6081945
0.60402775
0.5895139
0.6024306
0.6140278
0.61930555
0.60180557
0.61069447
0.6013889
0.5505555
0.5943056
0.62395835
0.5636805
0.61604166
0.5792361
0.5807639
0.595625
0.5857639
0.5721528
0.59625
0.57631946
0.59229165
0.61833334
0.5972222
0.5860417
0.60270834
0.58208334
0.58319443
0.5949305
0.6084028
0.5895139
0.5798611
0.58090276
0.58597225
0.5717361
0.5997222
0.57590276
0.591875
0.59118056
0.5786806
0.59423614
0.6275
0.5911111
0.60333335
0.590625
0.5885417
0.5974305
0.60006946
0.57256943
0.6188889
0.58208334
0.59923613
0.5963889
0.6045833
0.59208333
0.5832639
0.6027778
0.5975
0.605625
0.5798611
0.60055554
0.60638887
0.60041666
0.59041667
0.56527776
0.57666665
0.5876389
0.5823611
0.6011111
0.5811806
0.57256943
0.5914583
0.59270835
0.6113194
0.59729165
0.58923614
0.60041666
0.574375
0.5926389
0.62222224
0.59
0.6023611
0.58034724
0.58979166
0.610625
0.5752778
0.5952778
0.5921528
0.57006943
0.5669444
0.5966667
0.5810417
0.5838889
0.57763886
0.60347223
0.59097224
0.59194446
0.56895834
0.5669444
0.5757639
0.59118056
0.5854167
0.6088194
0.58111113
0.605
0.5864583
0.599375
0.5832639
0.60597223
0.58569443
0.591875
0.60381943
0.58847225
0.585625
0.5708333
0.5588889
0.60506946
0.59833336
0.59270835
0.60368055
0.57895833
0.56819445
0.59034723
0.59402776
0.5901389
0.60125
0.5877778
0.60270834
0.62854165
0.60152775
0.6390278
0.578125
0.5995139
0.56840277
0.60625
0.6028472
0.5997222
0.603125
0.5847222
0.58666664
0.57208335
0.5906944
0.5906944
0.57319444
0.5934028
0.6122917
0.60520834
0.5690278
0.59
0.61256945
0.5986111
0.5715278
0.59152776
0.62493056
0.59756947
0.57729167
0.59076387
0.60520834
0.56743056
0.5941667
0.5777778
0.565625
0.5647917
0.5879861
0.60715276
0.578125
0.5995833
0.6109028
0.6064583
0.60541666
0.60791665
0.5732639
0.5976389
0.58784723
0.5938889
0.58194447
0.5904861
0.5810417
0.5820139
0.6163194
0.5835417
0.58743054
0.6192361
0.5754167
0.6063194
0.58666664
0.59458333
0.588125
0.5875
0.6157639
0.5999306
0.61270833
0.58166665
0.5877778
0.5998611
0.60555553
0.59729165
0.5850694
0.5839583
0.6191667
0.60736114
0.58805555
0.57729167
0.58958334
0.6002778
0.57243055
0.60006946
0.60555553
0.5657639
0.60791665
0.60368055
0.6282639
0.5818055
0.6095833
0.58819443
0.5783333
0.6065278
0.5913889
0.575625
0.57375
0.6017361
0.57881945
0.58034724
0.5925
0.55715275
0.59229165
0.59125
0.5938889
0.6230556
0.5963889
0.56916666
0.60368055
0.57805556
0.58770835
0.6134028
0.620625
0.59826386
0.59375
0.58305556
0.5852778
0.59173614
0.6226389
0.60604167
0.5935417
0.59826386
0.5711806
0.57895833
0.5923611
0.59756947
0.57666665
0.59965277
0.5840972
0.59131944
0.60041666
0.5956944
0.5846528
0.605625
0.6163889
0.6051389
0.58902776
0.5906944
0.5973611
0.59576386
0.59715277
0.6203472
0.5738889
0.58729166
0.59881943
0.6049306
0.5963889
0.595625
0.5974305
0.5842361
0.6031944
0.60465276
0.585625
0.5848611
0.5918056
0.6086111
0.59194446
0.58416665
0.6134028
0.59375
0.6001389
0.57590276
0.58493054
0.6225
0.5804861
0.6006944
0.61256945
0.5704167
0.5959028
0.57131946
0.6369445
0.58416665
0.6064583
0.5900695
0.6056945
0.5876389
0.6004861
0.60659724
0.6014583
0.59118056
0.64111114
0.6025
0.5672917
0.58944446
0.6090278
0.57027775
0.5995139
0.5938889
0.5968056
0.58402777
0.5913889
0.59631944
0.58020836
0.598125
0.57125
0.5981944
0.59173614
0.5838889
0.62069446
0.5852778
0.5914583
0.59375
0.58666664
0.55972224
0.6107639
0.6029861
0.6097222
0.5822222
0.6202083
0.624375
0.6188889
0.5896528
0.5966667
0.5890972
0.5847222
0.5954861
0.5889583
0.5943056
0.60152775
0.58944446
0.5886111
0.60597223
0.6088194
0.5829861
0.6205556
0.55819446
0.57819444
0.58347225
0.58555555
0.60638887
0.60229164
0.6027778
0.5813889
0.59729165
0.59652776
0.58020836
0.6017361
0.59229165
0.61527777
0.5966667
0.5960417
0.6014583
0.60875
0.5879861
0.605625
0.58652776
0.6117361
0.58666664
0.60388887
0.5986111
0.606875
0.6034028
0.58270836
0.6209722
0.59826386
0.58069444
0.5948611
0.5913889
0.62048614
0.5527083
0.598125
0.5985417
0.6157639
0.5927778
0.6184028
0.62159723
0.5815972
0.58729166
0.6084028
0.6134028
0.5973611
0.5686111
0.58770835
0.61194444
0.5889583
0.5867361
0.5893056
0.6122917
0.59583336
0.6109028
0.5963889
0.6027778
0.5858333
0.57861114
0.5961111
0.58284724
0.59944445
0.5858333
0.57104164
0.58534724
0.5939583
0.5832639
0.5886111
0.610625
0.5976389
0.61715275
0.62041664
0.59402776
0.5729861
0.6056945
0.5934028
0.5949305
0.5838889
0.5719444
0.58881944
0.6074306
0.59326386
0.6198611
0.59875
0.6004861
0.59479165
0.570625
0.58284724
0.6084722
0.58902776
0.5979861
0.56805557
0.5909028
0.59368056
0.6004861
0.59805554
0.6065278
0.60833335
0.595
0.5984028
0.6053472
0.59243053
0.60597223
0.57590276
0.60291666
0.5808333
0.5893056
0.5972222
0.5997222
0.60215276
0.5663889
0.60659724
0.59020835
0.5904861
0.59944445
0.5792361
0.5989583
0.60756946
0.57222223
0.5966667
0.58875
0.5974305
0.5684722
0.58993053
0.58979166
0.60659724
0.57472223
0.58243054
0.58375
0.5669444
0.551875
0.585625
0.6031944
0.5988889
0.58784723
0.59875
0.57034725
0.59715277
0.60930556
0.59506947
0.5886111
0.6129861
0.62006944
0.5920139
0.6034028
0.57625
0.58458334
0.5692361
0.61680555
0.5838889
0.5752778
0.5956944
0.59034723
0.60152775
0.6070833
0.6140278
0.5742361
0.59555554
0.59347224
0.60402775
0.58208334
0.58131945
0.58479166
0.54138887
0.5913889
0.60430557
0.588125
0.57944447
0.5854167
0.5991667
0.6097917
0.603125
0.5823611
0.595
0.6163889
0.6259028
0.6117361
0.59444445
0.5800694
0.590625
0.5690972
0.5775694
0.5665278
0.6207639
0.6017361
0.561875
0.60118055
0.61041665
0.5936111
0.5914583
0.57743055
0.61159724
0.58020836
0.56333333
0.57263887
0.57006943
0.58493054
0.57944447
0.57416666
0.6045833
0.58694446
0.58902776
0.5952778
0.586875
0.5697917
0.59576386
0.61444443
0.59041667
0.59194446
0.60131943
0.5808333
0.6145833
0.599375
0.5818055
0.5936111
0.61138886
0.585625
0.59131944
0.5758333
0.5981944
0.601875
0.57569444
0.5956944
0.58708334
0.6052778
0.60756946
0.59756947
0.5973611
0.594375
0.54680556
0.59541667
0.58555555
0.5688889
0.5936111
0.6086111
0.5863889
0.5779861
0.61833334
0.59034723
0.6053472
0.59173614
0.56881946
0.5889583
0.5876389
0.59402776
0.58013886
0.59173614
0.60659724
0.60604167
0.56958336
0.581875
0.5584722
0.6077778
0.61083335
0.60409725
0.5765972
0.590625
0.5943056
0.616875
0.568125
0.58958334
0.6014583
0.6029861
0.61118054
0.59097224
0.6013889
0.5754861
0.59229165
0.55972224
0.59166664
0.5995833
0.58618057
0.60944444
0.60680556
0.60368055
0.60006946
0.58020836
0.5886111
0.5746528
0.59368056
0.61375
0.600625
0.5941667
0.5754167
0.5885417
0.5602083
0.58666664
0.57625
0.5978472
0.61069447
0.57284725
0.5477778
0.5876389
0.5811806
0.60715276
0.60152775
0.60194445
0.58263886
0.6026389
0.60125
0.6175
0.5975
0.57479167
0.5902778
0.5964583
0.6088194
0.5777778
0.6078472
0.59541667
0.5858333
0.5738889
0.6113194
0.5875694
0.5796528
0.5936111
0.58305556
0.5895139
0.5911111
0.6154861
0.589375
0.58826387
0.58152777
0.6016667
0.5947222
0.59944445
0.59041667
0.57131946
0.5940972
0.58347225
0.5838889
0.61194444
0.6215278
0.63180554
0.588125
0.61819446
0.5686806
0.5788889
0.58416665
0.6036111
0.6070139
0.58631945
0.5820139
0.6041667
0.579375
0.59118056
0.6413889
0.5872222
0.58208334
0.61006945
0.6016667
0.5873611
0.5988889
0.5939583
0.601875
0.611875
0.59805554
0.60909724
0.5790972
0.58534724
0.5925695
0.59270835
0.58145833
0.5821528
0.6042361
0.6136111
0.57569444
0.6067361
0.6217361
0.5742361
0.6070833
0.5563194
0.6217361
0.5720139
0.5763889
0.58652776
0.6004861
0.5854167
0.60868055
0.5933333
0.56527776
0.5984028
0.59930557
0.5441667
0.6122917
0.57604164
0.5848611
0.5852778
0.5811806
0.6049306
0.5727083
0.5975
0.5817361
0.61854166
0.5825694
0.58458334
0.59791666
0.58881944
0.5721528
0.57916665
0.59729165
0.58819443
0.5847222
0.61368054
0.5925
0.58361113
0.599375
0.5861111
0.58381945
0.60305554
0.5800694
0.59118056
0.5906944
0.59520835
0.57944447
0.5879167
0.5875694
0.579375
0.619375
0.59541667
0.58944446
0.6082639
0.61159724
0.59673613
0.60444444
0.5793055
0.5981944
0.560625
0.58597225
0.57611114
0.59229165
0.57208335
0.58666664
0.58013886
0.5914583
0.5976389
0.605
0.59173614
0.60180557
0.60638887
0.6077778
0.60729164
0.5946528
0.6091667
0.60055554
0.6128472
0.5976389
0.5857639
0.5586111
0.5920139
0.58361113
0.6027778
0.6105555
0.59152776
0.6035417
0.584375
0.55777776
0.6003472
0.57625
0.585
0.57569444
0.606875
0.5978472
0.56256944
0.5833333
0.6077778
0.59173614
0.59368056
0.59020835
0.5804167
0.5857639
0.5921528
0.5961111
0.61965275
0.6140278
0.59625
0.59458333
0.56819445
0.59902775
0.6103472
0.5922222
0.6049306
0.55819446
0.6064583
0.5867361
0.5959028
0.6016667
0.5979861
0.57805556
0.60659724
0.5771528
0.58923614
0.59368056
0.59597224
0.61104167
0.5895139
0.603125
0.5883333
0.569375
0.6116667
0.59583336
0.5879167
0.5943056
0.59034723
0.6007639
0.60305554
0.58493054
0.6095139
0.60180557
0.56840277
0.62701386
0.5909028
0.59055555
0.59479165
0.60229164
0.6102778
0.5736806
0.59229165
0.5754167
0.5998611
0.5715972
0.5790972
0.5704861
0.5601389
0.60020834
0.5711111
0.5948611
0.59826386
0.59555554
0.6066667
0.57631946
0.59194446
0.5966667
0.5784722
0.616875
0.6090278
0.606875
0.5777778
0.599375
0.5875694
0.5615278
0.5981944
0.6070139
0.5960417
0.62645835
0.5848611
0.57743055
0.59118056
0.5975
0.6007639
0.5886111
0.59305555
0.58784723
0.59402776
0.600625
0.5879167
0.60430557
0.59097224
0.59833336
0.5951389
0.55701387
0.6028472
0.61819446
0.569375
0.6132639
0.60305554
0.61722225
0.56472224
0.5775
0.61625
0.5704167
0.57256943
0.61395836
0.59597224
0.60604167
0.57569444
0.6130555
0.58340275
0.57
0.57979167
0.5746528
0.5871528
0.5951389
0.59770834
0.5951389
0.58381945
0.57708335
0.5948611
0.5883333
0.57
0.58805555
0.60597223
0.5754167
0.5696528
0.60097224
0.5867361
0.5775
0.603125
0.6134722
0.58590275
0.60659724
0.576875
0.59097224
0.5661805
0.57222223
0.55930555
0.5988889
0.6142361
0.5652083
0.55715275
0.57145834
0.5931944
0.596875
0.58631945
0.5979861
0.626875
0.5870139
0.60083336
0.5995139
0.58305556
0.5792361
0.57916665
0.5964583
0.5935417
0.6057639
0.5644444
0.6102778
0.5970139
0.59729165
0.58375
0.5829861
0.56548613
0.58208334
0.5963889
0.59375
0.6153472
0.58631945
0.6070833
0.59208333
0.61145836
0.6020139
0.56590277
0.59368056
0.61527777
0.5665278
0.59805554
0.5821528
0.60381943
0.60368055
0.5771528
0.59375
0.5902778
0.58652776
0.5966667
0.57131946
0.600625
0.62298614
0.5921528
0.6034028
0.5890972
0.5977778
0.5883333
0.5920139
0.6006944
0.60402775
0.5951389
0.58020836
0.59847224
0.5740278
0.57131946
0.59152776
0.579375
0.58868057
0.6020139
0.57361114
0.59291667
0.588125
0.58229166
0.58131945
0.6088194
0.58826387
0.5711806
0.586875
0.5771528
0.6081945
0.6219444
0.58729166
0.6070139
0.60930556
0.58618057
0.5896528
0.59673613
0.60375
0.5906944
0.5707639
0.5786806
0.59194446
0.6036111
0.5901389
0.56895834
0.6024306
0.6020139
0.5964583
0.598125
0.59555554
0.59347224
0.5909028
0.60694444
0.59729165
0.595
0.5898611
0.593125
0.5804167
0.6163889
0.61569446
0.5900695
0.61375
0.593125
0.60347223
0.5825
0.5715278
0.60229164
0.5839583
0.5968056
0.5920139
0.58444446
0.57034725
0.6132639
0.6009028
0.5732639
0.5938889
0.5913889
0.5804861
0.6035417
0.6023611
0.58784723
0.59770834
0.585
0.6001389
0.5951389
0.57840276
0.5632639
0.58618057
0.5690278
0.5965972
0.58340275
0.59270835
0.61069447
0.5840972
0.5790278
0.5893056
0.56854165
0.59305555
0.58270836
0.579375
0.6159028
0.58784723
0.58416665
0.58090276
0.6057639
0.59305555
0.58847225
0.58597225
0.57993054
0.55895835
0.5995833
0.59555554
0.5838889
0.57430553
0.5810417
0.5960417
0.595625
0.5772222
0.6379167
0.59097224
0.5886111
0.60597223
0.60131943
0.59041667
0.59097224
0.5998611
0.58868057
0.6167361
0.6120833
0.62069446
0.6220833
0.61618054
0.5765972
0.60194445
0.57895833
0.57256943
0.57125
0.60215276
0.60118055
0.5931944
0.598125
0.5926389
0.611875
0.5675
0.60118055
0.5948611
0.5802778
0.5883333
0.58458334
0.6102778
0.59541667
0.60368055
0.57472223
0.5839583
0.61270833
0.60791665
0.59208333
0.59833336
0.5938889
0.5833333
0.5861111
0.58708334
0.5879861
0.58868057
0.59381944
0.60097224
0.5978472
0.5867361
0.5889583
0.6178472
0.59881943
0.5671528
0.59375
0.57916665
0.6064583
0.59347224
0.58340275
0.5784722
0.6045139
0.5981944
0.596875
0.5906944
0.6007639
0.58208334
0.58493054
0.59506947
0.60479164
0.5868056
0.61083335
0.58020836
0.60020834
0.59930557
0.5970139
0.59041667
0.59847224
0.62145835
0.60159725
0.6
0.5951389
0.5909028
0.60583335
0.60833335
0.5779167
0.5923611
0.5986111
0.59368056
0.6034028
0.5863889
0.616875
0.58979166
0.59826386
0.5825
0.5976389
0.6095139
0.598125
0.5920139
0.58694446
0.6145139
0.5713889
0.58868057
0.67909724
0.5900695
0.6151389
0.604375
0.5698611
0.6261111
0.5727083
0.6132639
0.63243055
0.5690278
0.5995833
0.57277775
0.58555555
0.5847222
0.5725
0.6028472
0.6061111
0.5800694
0.58125
0.6298611
0.58597225
0.60097224
0.574375
0.593125
0.606875
0.5981944
0.63506943
0.5771528
0.58902776
0.60618055
0.53583336
0.588125
0.6076389
0.6066667
0.5665278
0.5939583
0.5897222
0.60270834
0.6016667
0.59243053
0.61430556
0.5936111
0.57125
0.59729165
0.60486114
0.5922222
0.6042361
0.60083336
0.61333334
0.60770833
0.60638887
0.5607639
0.609375
0.60604167
0.5771528
0.58979166
0.57805556
0.58493054
0.59402776
0.60229164
0.5770139
0.5877778
0.5745139
0.58902776
0.6002778
0.57458335
0.5843056
0.6188889
0.58013886
0.5877778
0.5911111
0.589375
0.6064583
0.58458334
0.5995139
0.5981944
0.6001389
0.5715278
0.5647917
0.6132639
0.58458334
0.59805554
0.60305554
0.5966667
0.581875
0.57305557
0.5817361
0.580625
0.58194447
0.57993054
0.60118055
0.5911111
0.60305554
0.58743054
0.6054861
0.5854861
0.5915972
0.5839583
0.5850694
0.61541665
0.5797222
0.60659724
0.5926389
0.59055555
0.5902778
0.5979861
0.5717361
0.58902776
0.60875
0.58069444
0.5860417
0.5833333
0.6013889
0.61819446
0.5663889
0.5910417
0.594375
0.5910417
0.56680554
0.61236113
0.59631944
0.5886111
0.58868057
0.5622917
0.5872222
0.59652776
0.59902775
0.62125
0.57104164
0.59625
0.57666665
0.59194446
0.61368054
0.5857639
0.60694444
0.6173611
0.58652776
0.59506947
0.5598611
0.5761806
0.60875
0.6047222
0.5825694
0.61277777
0.5918056
0.6294444
0.61104167
0.58569443
0.59923613
0.5763889
0.5977778
0.59173614
0.6130555
0.58666664
0.57534724
0.6105555
0.6061111
0.59506947
0.6016667
0.575
0.58069444
0.6004861
0.5783333
0.59729165
0.5823611
0.58347225
0.6020833
0.57993054
0.59652776
0.58652776
0.59847224
0.61715275
0.59326386
0.5775694
0.6039583
0.591875
0.5638889
0.58
0.57222223
0.62298614
0.58631945
0.6102778
0.59097224
0.60041666
0.59375
0.6031944
0.58958334
0.61277777
0.59930557
0.56256944
0.6109028
0.60159725
0.5938889
0.58243054
0.60444444
0.6134028
0.58652776
0.5941667
0.5759722
0.58479166
0.59076387
0.5854167
0.5911111
0.61965275
0.58055556
0.6042361
0.58847225
0.58916664
0.57027775
0.5893056
0.609375
0.61833334
0.59076387
0.6023611
0.56277776
0.5886111
0.6195833
0.58131945
0.6232639
0.5840972
0.595
0.59930557
0.60118055
0.59944445
0.59520835
0.57604164
0.57263887
0.58375
0.6147917
0.57375
0.6022222
0.5784722
0.5854167
0.580625
0.6001389
0.5964583
0.56930554
0.5860417
0.5949305
0.5792361
0.6161111
0.5857639
0.58305556
0.5745139
0.5767361
0.61
0.59423614
0.57631946
0.5809722
0.59444445
0.57569444
0.58444446
0.5868056
0.59652776
0.57708335
0.5861111
0.5965972
0.6013889
0.5839583
0.5873611
0.5734722
0.6010417
0.58520836
0.58243054
0.5729167
0.57875
0.58916664
0.5896528
0.60736114
0.6007639
0.5729861
0.60041666
0.5970139
0.5797222
0.5970139
0.57395834
0.5854861
0.575625
0.6029861
0.5848611
0.56840277
0.6178472
0.5865972
0.57958335
0.59229165
0.60006946
0.60006946
0.5961111
0.56993055
0.5707639
0.6009028
0.605625
0.5901389
0.5800694
0.56548613
0.60465276
0.6134028
0.59881943
0.5532639
0.5920139
0.5808333
0.60083336
0.58340275
0.6115278
0.59631944
0.5717361
0.58631945
0.60506946
0.6051389
0.5748611
0.58166665
0.60291666
0.6109028
0.585
0.5748611
0.5947222
0.58284724
0.6031944
0.5815972
0.5775
0.5966667
0.5929861
0.59118056
0.58729166
0.6023611
0.6049306
0.59118056
0.5921528
0.59708333
0.599375
0.59875
0.57458335
0.6111111
0.59944445
0.57944447
0.6195833
0.57625
0.581875
0.5602083
0.60368055
0.5995139
0.609375
0.58034724
0.61930555
0.58361113
0.6017361
0.5915972
0.61194444
0.5933333
0.5875694
0.61506945
0.6115278
0.5952778
0.58618057
0.59520835
0.57493055
0.5835417
0.58618057
0.59381944
0.59034723
0.58416665
0.6074306
0.5960417
0.58270836
0.6116667
0.5901389
0.59041667
0.60729164
0.5744445
0.59833336
0.60597223
0.6092361
0.60159725
0.5697917
0.60305554
0.5858333
0.5974305
0.6039583
0.60930556
0.5779861
0.5854167
0.5798611
0.60604167
0.57743055
0.5918056
0.5779167
0.58340275
0.6057639
0.5927778
0.59618056
0.5889583
0.56881946
0.5815972
0.5848611
0.5829861
0.6152083
0.6024306
0.5877778
0.620625
0.60618055
0.58284724
0.5956944
0.5997222
0.5999306
0.59673613
0.5923611
0.57458335
0.5925695
0.59631944
0.60041666
0.5835417
0.5970139
0.60479164
0.58284724
0.60854167
0.5898611
0.5729167
0.6027778
0.6089583
0.56472224
0.59652776
0.5683333
0.5928472
0.5918056
0.5914583
0.6186111
0.5733333
0.6074306
0.6042361
0.586875
0.60770833
0.60833335
0.6072222
0.5796528
0.59979165
0.6159028
0.61020833
0.59673613
0.60229164
0.59868056
0.6031944
0.5935417
0.5813889
0.5811806
0.6088194
0.6115278
0.5904861
0.5725
0.598125
0.5999306
0.5707639
0.5945139
0.6067361
0.6006944
0.6045833
0.579375
0.5839583
0.61256945
0.60097224
0.5976389
0.58944446
0.5931944
0.6107639
0.57840276
0.5877778
0.5966667
0.5839583
0.6128472
0.5790972
0.5909028
0.603125
0.59423614
0.60868055
0.59673613
0.6
0.5956944
0.56680554
0.61625
0.618125
0.61486113
0.58902776
0.58944446
0.6057639
0.55583334
0.5851389
0.58868057
0.5890972
0.5900695
0.5915972
0.5938889
0.59347224
0.60618055
0.59805554
0.6129861
0.59875
0.59652776
0.5852778
0.6136111
0.60291666
0.605625
0.54736114
0.5850694
0.5997222
0.5883333
0.58805555
0.6011111
0.5998611
0.60618055
0.6238195
0.6061111
0.5956944
0.6089583
0.5864583
0.5970139
0.595625
0.60229164
0.5704861
0.59625
0.59402776
0.5875
0.58055556
0.5765972
0.5697917
0.5998611
0.6313889
0.5851389
0.6070833
0.60180557
0.60770833
0.5966667
0.59423614
0.5854167
0.5948611
0.57763886
0.5999306
0.58590275
0.59375
0.5991667
0.5984028
0.58111113
0.5676389
0.59791666
0.57604164
0.565625
0.61472225
0.5820139
0.6011111
0.5850694
0.6172917
0.53909725
0.5821528
0.59076387
0.5870139
0.5989583
0.5704861
0.58902776
0.59597224
0.6091667
0.58868057
0.58347225
0.5928472
0.59555554
0.58847225
0.6097917
0.56993055
0.5857639
0.6036111
0.6078472
0.6130555
0.58618057
0.5796528
0.61069447
0.57784724
0.5931944
0.58708334
0.59541667
0.59729165
0.5857639
0.5896528
0.5870139
0.61715275
0.61145836
0.575625
0.5711111
0.6166667
0.5888889
0.59715277
0.57645833
0.59479165
0.5879167
0.5939583
0.583125
0.5952778
0.58
0.59631944
0.5709722
0.59909725
0.5946528
0.5758333
0.61444443
0.5838889
0.5846528
0.6027778
0.5981944
0.59930557
0.63222224
0.60409725
0.5933333
0.5777083
0.5934028
0.5779861
0.57319444
0.5742361
0.5759722
0.60180557
0.6024306
0.5725
0.56472224
0.5981944
0.58819443
0.5914583
0.58881944
0.5981944
0.5995833
0.59173614
0.59979165
0.5842361
0.5711806
0.593125
0.596875
0.553125
0.5893056
0.5951389
0.5832639
0.58881944
0.59520835
0.57743055
0.5617361
0.6006944
0.58131945
0.59541667
0.57284725
0.60430557
0.564375
0.6047222
0.5771528
0.59125
0.58416665
0.6063194
0.58979166
0.5977778
0.58347225
0.5902778
0.5804167
0.6130555
0.5742361
0.5807639
0.5877778
0.588125
0.61236113
0.5879861
0.5946528
0.5947222
0.5825694
0.6022222
0.5936111
0.5790278
0.609375
0.5875694
0.5757639
0.5985417
0.61756945
0.61020833
0.62201387
0.58569443
0.6067361
0.58618057
0.6234028
0.60486114
0.59506947
0.60618055
0.6086111
0.5757639
0.58534724
0.61138886
0.5928472
0.60479164
0.5854861
0.59909725
0.60333335
0.5868056
0.5896528
0.5669444
0.5877778
0.6045833
0.6086111
0.59506947
0.61791664
0.6052778
0.61756945
0.58284724
0.57840276
0.5914583
0.5959028
0.5682639
0.5966667
0.6177083
0.59576386
0.58305556
0.61069447
0.6026389
0.58729166
0.59868056
0.5973611
0.5926389
0.58944446
0.6047222
0.60597223
0.589375
0.61444443
0.5921528
0.6042361
0.606875
0.5761806
0.6134722
0.59
0.5771528
0.5872222
0.6041667
0.6097917
0.60409725
0.58652776
0.59715277
0.57979167
0.59402776
0.58881944
0.6026389
0.5752083
0.57895833
0.58881944
0.6049306
0.6011111
0.5765278
0.61319447
0.59673613
0.6032639
0.60388887
0.56840277
0.57958335
0.58243054
0.5879861
0.5777778
0.59708333
0.58652776
0.5702083
0.5704167
0.57430553
0.59
0.58868057
0.59555554
0.58729166
0.59458333
0.5875694
0.58090276
0.5876389
0.59375
0.58902776
0.5888889
0.5867361
0.60694444
0.605
0.58555555
0.5876389
0.57805556
0.57916665
0.6077778
0.5842361
0.5785417
0.6234722
0.6159028
0.5744445
0.595625
0.5961111
0.61291665
0.60333335
0.5838889
0.5991667
0.621875
0.6120833
0.58631945
0.59694445
0.6338889
0.58479166
0.5871528
0.5825694
0.5634028
0.59965277
0.6072222
0.57590276
0.57166666
0.59041667
0.56604165
0.61145836
0.5953472
0.5985417
0.5952778
0.60520834
0.5965972
0.60756946
0.58743054
0.6002778
0.5927778
0.60597223
0.58284724
0.6020139
0.606875
0.5772222
0.59458333
0.58770835
0.58631945
0.5692361
0.5854861
0.5959028
0.59291667
0.58270836
0.5926389
0.61277777
0.60555553
0.58055556
0.58020836
0.58847225
0.5895139
0.60229164
0.5900695
0.5909028
0.62104166
0.5953472
0.556875
0.5732639
0.6070833
0.59131944
0.58590275
0.60375
0.6115278
0.5686111
0.61493057
0.61430556
0.6004861
0.60770833
0.5970139
0.5740972
0.5961111
0.6191667
0.6088194
0.6213195
0.5792361
0.6022222
0.6061111
0.5863889
0.60159725
0.5746528
0.5918056
0.6122917
0.5999306
0.5864583
0.5875694
0.5863889
0.58319443
0.5948611
0.5943056
0.606875
0.6054861
0.60083336
0.57729167
0.5745139
0.5970139
0.5873611
0.5792361
0.60604167
0.5952778
0.57743055
0.58694446
0.58569443
0.5943056
0.5972222
0.60520834
0.5733333
0.57381946
0.58125
0.6097917
0.5697917
0.5897222
0.5499306
0.6122222
0.5783333
0.5997222
0.5763889
0.5857639
0.58805555
0.59909725
0.595625
0.5966667
0.5833333
0.5925
0.57993054
0.58840275
0.5976389
0.6070139
0.58375
0.57166666
0.5943056
0.5978472
0.5963889
0.58131945
0.6084722
0.5769445
0.6065278
0.588125
0.6027778
0.6016667
0.5800694
0.58458334
0.5914583
0.5968056
0.5870139
0.6095833
0.589375
0.57604164
0.5922222
0.5935417
0.5790278
0.5817361
0.5858333
0.59631944
0.58729166
0.56041664
0.6064583
0.5913889
0.6045139
0.5772222
0.595
0.5790972
0.57895833
0.60083336
0.58826387
0.5661805
0.5779861
0.5582639
0.6057639
0.60479164
0.59270835
0.6054861
0.6111111
0.58166665
0.61951387
0.5867361
0.5911111
0.5839583
0.5848611
0.5973611
0.58534724
0.56451386
0.60118055
0.601875
0.57340276
0.57131946
0.61277777
0.5817361
0.5654167
0.59902775
0.61194444
0.6006944
0.5860417
0.5998611
0.5922222
0.6205556
0.58111113
0.5871528
0.5875
0.60333335
0.6111111
0.6
0.595
0.61930555
0.5790278
0.5966667
0.5973611
0.59166664
0.575
0.57534724
0.56180555
0.61375
0.5711806
0.5850694
0.5734722
0.5965972
0.59194446
0.6001389
0.5914583
0.59055555
0.61375
0.5759722
0.58902776
0.5879861
0.5977778
0.5865972
0.59097224
0.5913889
0.5800694
0.58555555
0.5941667
0.598125
0.59402776
0.61194444
0.60465276
0.58111113
0.59229165
0.5943056
0.5811806
0.5921528
0.6028472
0.58090276
0.5926389
0.60388887
0.58243054
0.614375
0.5886111
0.5900695
0.59458333
0.58847225
0.5934028
0.6280556
0.5779167
0.5913889
0.596875
0.576875
0.61715275
0.5897222
0.6013889
0.5920139
0.6126389
0.5935417
0.5770139
0.58131945
0.58069444
0.59805554
0.61618054
0.6113194
0.591875
0.57895833
0.5933333
0.5796528
0.59965277
0.5922222
0.61083335
0.5632639
0.57034725
0.6070139
0.6007639
0.6091667
0.57104164
0.6278472
0.59715277
0.58881944
0.5948611
0.6057639
0.59097224
0.58847225
0.5771528
0.5926389
0.57805556
0.5929861
0.5888889
0.60680556
0.56083333
0.59402776
0.585
0.598125
0.59715277
0.5972222
0.60479164
0.5638889
0.5792361
0.6222917
0.58826387
0.58284724
0.60541666
0.5625
0.5984028
0.58152777
0.5740278
0.59541667
0.58743054
0.59555554
0.5754861
0.59847224
0.591875
0.56854165
0.5759722
0.6025
0.5822222
0.5832639
0.57784724
0.6010417
0.58458334
0.59625
0.5949305
0.60409725
0.5843056
0.5986111
0.60402775
0.5827778
0.559375
0.6070833
0.5690278
0.5759722
0.59291667
0.6064583
0.58166665
0.6202083
0.58069444
0.5825
0.5961111
0.6009028
0.6031944
0.5873611
0.6009028
0.6117361
0.5870139
0.58034724
0.5913889
0.59826386
0.5954861
0.58340275
0.58375
0.57395834
0.5936111
0.5959028
0.57590276
0.605625
0.58625
0.5926389
0.59326386
0.6025
0.5895139
0.589375
0.6091667
0.5954861
0.59423614
0.59944445
0.62006944
0.6222917
0.58840275
0.60180557
0.58847225
0.5736806
0.57006943
0.59347224
0.6261805
0.5842361
0.6017361
0.60659724
0.5858333
0.59368056
0.5875
0.5890972
0.60805553
0.5843056
0.58979166
0.60270834
0.58597225
0.5879861
0.6190278
0.574375
0.57319444
0.59631944
0.5777083
0.6036111
0.58319443
0.61180556
0.56972224
0.59756947
0.6029861
0.5848611
0.6045139
0.5576389
0.61138886
0.60805553
0.6099306
0.5761806
0.60152775
0.61743057
0.60541666
0.5815972
0.58847225
0.5890972
0.58652776
0.5879167
0.58625
0.59923613
0.598125
0.58826387
0.6014583
0.5951389
0.5920139
0.5750694
0.5872222
0.591875
0.5918056
0.58652776
0.57895833
0.6124306
0.57916665
0.62395835
0.57263887
0.59652776
0.58729166
0.6213889
0.59583336
0.5925
0.57895833
0.5655556
0.58708334
0.59208333
0.5951389
0.58555555
0.60375
0.60909724
0.6142361
0.595625
0.58020836
0.5898611
0.5818055
0.6095833
0.60381943
0.5790278
0.61604166
0.5961111
0.6065278
0.6054861
0.59652776
0.6227083
0.6147917
0.6111111
0.6128472
0.6056945
0.6045833
0.5911111
0.5945139
0.5941667
0.59041667
0.5846528
0.59034723
0.5752083
0.57166666
0.58458334
0.58208334
0.56784725
0.5883333
0.6
0.5953472
0.5968056
0.58840275
0.58243054
0.58263886
0.6090278
0.6116667
0.59881943
0.6066667
0.57381946
0.6072222
0.5913889
0.6017361
0.6031944
0.5935417
0.5995139
0.59229165
0.5886111
0.5642361
0.5947222
0.5898611
0.5750694
0.59034723
0.61791664
0.6001389
0.60215276
0.5847222
0.60097224
0.58020836
0.6070139
0.6028472
0.6145139
0.5829167
0.60125
0.5793055
0.61972225
0.58458334
0.61465275
0.6130555
0.59326386
0.5829861
0.59020835
0.6007639
0.6111111
0.57256943
0.5659722
0.583125
0.5910417
0.58131945
0.6027778
0.5833333
0.5926389
0.5948611
0.6035417
0.5732639
0.60944444
0.56784725
0.5893056
0.5947222
0.601875
0.5934028
0.5947222
0.57944447
0.60791665
0.57604164
0.5788889
0.57708335
0.59097224
0.6142361
0.60756946
0.59868056
0.58569443
0.5779167
0.5939583
0.5825694
0.5948611
0.5926389
0.6095139
0.60375
0.5974305
0.56881946
0.59868056
0.60118055
0.5956944
0.58229166
0.5938889
0.5754167
0.58263886
0.6066667
0.5989583
0.57611114
0.57631946
0.60965276
0.58840275
0.58944446
0.59618056
0.593125
0.6024306
0.57916665
0.57861114
0.58090276
0.59625
0.6
0.59347224
0.5804167
0.6014583
0.6132639
0.6045139
0.5935417
0.6013889
0.57708335
0.58458334
0.5717361
0.5936111
0.5653472
0.59618056
0.5896528
0.59131944
0.61277777
0.58694446
0.60604167
0.58493054
0.5720139
0.5852778
0.579375
0.59555554
0.5701389
0.6026389
0.575625
0.5933333
0.6026389
0.5876389
0.5736806
0.5915972
0.60118055
0.59305555
0.5895139
0.58729166
0.58305556
0.5809722
0.5897222
0.54444444
0.61083335
0.59770834
0.59034723
0.59715277
0.6010417
0.6042361
0.6039583
0.6054861
0.54888886
0.5860417
0.61041665
0.58868057
0.5886111
0.5871528
0.5652083
0.6063194
0.58520836
0.6155556
0.6167361
0.5947222
0.57840276
0.6049306
0.59479165
0.5744445
0.58784723
0.61541665
0.59756947
0.5746528
0.57145834
0.60375
0.5311111
0.6186111
0.6161111
0.59694445
0.55868053
0.58770835
0.59520835
0.5840972
0.59375
0.5779167
0.6020139
0.56472224
0.6031944
0.60256946
0.5970139
0.5939583
0.6234028
0.58347225
0.58069444
0.6045139
0.5825
0.6115278
0.58597225
0.6064583
0.58902776
0.5838889
0.5920139
0.6074306
0.6079861
0.58069444
0.5948611
0.60618055
0.5940972
0.5798611
0.595625
0.61368054
0.5696528
0.6032639
0.6007639
0.568125
0.58263886
0.6045139
0.6103472
0.57256943
0.59708333
0.58284724
0.6070833
0.6025
0.6
0.6078472
0.5729167
0.58993053
0.589375
0.5871528
0.58090276
0.6134722
0.591875
0.60409725
0.58569443
0.60659724
0.60388887
0.57555556
0.5948611
0.59326386
0.61527777
0.58131945
0.62083334
0.5966667
0.5885417
0.60388887
0.593125
0.60333335
0.5829167
0.5999306
0.5964583
0.58923614
0.5923611
0.56166667
0.59708333
0.59805554
0.5715972
0.6025
0.6020139
0.5852778
0.60118055
0.58743054
0.5999306
0.6014583
0.58263886
0.59118056
0.5888889
0.62048614
0.60083336
0.59229165
0.57763886
0.56666666
0.59326386
0.6003472
0.58784723
0.5970139
0.5977778
0.58944446
0.5860417
0.5888889
0.6126389
0.6004861
0.62375
0.60444444
0.56333333
0.58347225
0.59708333
0.6176389
0.58340275
0.56840277
0.58
0.61083335
0.59868056
0.58375
0.60152775
0.5906944
0.58694446
0.5829861
0.5945139
0.5956944
0.5842361
0.5835417
0.5977778
0.5861111
0.57284725
0.6014583
0.6090278
0.58902776
0.609375
0.59541667
0.6003472
0.5995833
0.5725
0.59875
0.59875
0.59194446
0.58631945
0.6091667
0.60256946
0.5811806
0.6007639
0.58375
0.5938889
0.5846528
0.59881943
0.5913889
0.5615972
0.60875
0.5777083
0.5923611
0.5734722
0.5978472
0.59173614
0.6095139
0.6027778
0.61395836
0.5722917
0.59020835
0.5829861
0.5940972
0.59381944
0.60256946
0.5727083
0.59833336
0.5886111
0.6082639
0.5795139
0.60118055
0.56645834
0.6132639
0.5763889
0.58819443
0.57263887
0.6092361
0.5876389
0.5852778
0.61069447
0.57555556
0.59555554
0.605625
0.5850694
0.59034723
0.604375
0.6014583
0.59305555
0.5835417
0.57395834
0.60791665
0.6107639
0.580625
0.60930556
0.6120139
0.5879861
0.5938889
0.6061111
0.5954861
0.58944446
0.59243053
0.62083334
0.58944446
0.5935417
0.59555554
0.59618056
0.5854167
0.60041666
0.575625
0.5858333
0.6006944
0.5921528
0.5877778
0.59131944
0.5959028
0.5838889
0.60520834
0.623125
0.5846528
0.58652776
0.5997222
0.5925695
0.6116667
0.59118056
0.59041667
0.5961111
0.60444444
0.57493055
0.57166666
0.59944445
0.5838889
0.57055557
0.5779167
0.5817361
0.6020833
0.6035417
0.5673611
0.59041667
0.5935417
0.6057639
0.5775694
0.6078472
0.6036111
0.5767361
0.58194447
0.5804861
0.5940972
0.57763886
0.55583334
0.5709722
0.5986111
0.59055555
0.5695139
0.61395836
0.5773611
0.57645833
0.585625
0.59694445
0.5818055
0.594375
0.61083335
0.57395834
0.58305556
0.59166664
0.58479166
0.59270835
0.594375
0.5725
0.5867361
0.5928472
0.61368054
0.58534724
0.61215276
0.5793055
0.609375
0.5945139
0.61180556
0.5827778
0.59770834
0.6178472
0.6027778
0.59618056
0.5811806
0.5938889
0.5877778
0.60381943
0.5935417
0.58152777
0.60555553
0.60694444
0.5709722
0.56472224
0.55409724
0.5854861
0.6130555
0.59479165
0.5788889
0.6130555
0.5948611
0.59875
0.5898611
0.5729167
0.57916665
0.58090276
0.5654167
0.581875
0.62506944
0.58944446
0.60541666
0.601875
0.61895835
0.58666664
0.6107639
0.59034723
0.599375
0.60381943
0.57590276
0.5989583
0.62743056
0.57416666
0.59625
0.6201389
0.60381943
0.6063194
0.58847225
0.5861111
0.58875
0.60215276
0.6125
0.58826387
0.5732639
0.56777775
0.59097224
0.6001389
0.57458335
0.5929861
0.58743054
0.6280556
0.584375
0.5947222
0.5995139
0.5941667
0.58534724
0.57180554
0.5864583
0.579375
0.6082639
0.6130555
0.57569444
0.6047222
0.58020836
0.60381943
0.57895833
0.5991667
0.6213889
0.59076387
0.60131943
0.6070139
0.60756946
0.61069447
0.5759722
0.61875
0.5902778
0.6126389
0.5754167
0.5953472
0.5590278
0.60152775
0.6117361
0.58916664
0.5852778
0.59305555
0.5734722
0.5995139
0.5863889
0.6086111
0.62166667
0.5986111
0.5850694
0.6145139
0.55791664
0.56583333
0.61541665
0.59618056
0.5877778
0.575
0.6024306
0.59229165
0.60430557
0.5807639
0.5603472
0.5845139
0.5825694
0.55159724
0.60694444
0.6020833
0.5802778
0.6186111
0.59847224
0.60375
0.60638887
0.590625
0.59770834
0.5904861
0.57305557
0.6257639
0.5665278
0.5829861
0.58347225
0.5722917
0.6136111
0.6027778
0.5954861
0.58597225
0.59673613
0.58652776
0.57416666
0.6102778
0.5871528
0.5895139
0.5926389
0.6117361
0.6290972
0.5936111
0.5815972
0.5946528
0.5960417
0.593125
0.60520834
0.59381944
0.5858333
0.6081945
0.6129861
0.6017361
0.5886111
0.5715972
0.57979167
0.5922222
0.5872222
0.6020139
0.5850694
0.5839583
0.6219444
0.6016667
0.6132639
0.5995833
0.5984028
0.6109028
0.5811806
0.5939583
0.60152775
0.5999306
0.56458336
0.56777775
0.5945139
0.593125
0.60479164
0.5810417
0.59708333
0.5909028
0.6029861
0.560625
0.60305554
0.5977778
0.59847224
0.5672917
0.59375
0.62951386
0.615
0.61159724
0.61215276
0.6020139
0.6041667
0.60215276
0.58590275
0.6059028
0.5873611
0.60194445
0.6045833
0.5973611
0.5829167
0.56840277
0.6070833
0.60152775
0.6029861
0.61
0.5914583
0.5910417
0.5858333
0.59694445
0.5972222
0.6132639
0.5893056
0.5661111
0.60680556
0.5829167
0.6063194
0.57944447
0.59375
0.5779167
0.5918056
0.5989583
0.58111113
0.59368056
0.6217361
0.58368057
0.604375
0.5738889
0.60430557
0.6074306
0.5729167
0.58402777
0.5736806
0.5889583
0.58444446
0.61215276
0.5857639
0.5972222
0.58597225
0.57277775
0.61354166
0.593125
0.5738889
0.5939583
0.59055555
0.61395836
0.5900695
0.57958335
0.5696528
0.60694444
0.59076387
0.6252083
0.57819444
0.61270833
0.6002778
0.5863889
0.5846528
0.594375
0.5867361
0.5775694
0.5775
0.61256945
0.5906944
0.605625
