0.5761
0.5831
0.5989
0.5647
0.5809
0.5859
0.6072
0.6058
0.5926
0.5956
0.5932
0.5978
0.5832
0.6005
0.5775
0.5837
0.5996
0.5665
0.5815
0.5899
0.5794
0.596
0.6185
0.5737
0.5726
0.5885
0.588
0.5676
0.6068
0.6
0.6181
0.5962
0.5884
0.5764
0.5832
0.583
0.5896
0.6044
0.5574
0.6007
0.5924
0.6167
0.5633
0.5902
0.5915
0.6008
0.6009
0.5775
0.6149
0.6107
0.6082
0.5992
0.5841
0.5851
0.5927
0.6015
0.6121
0.5785
0.6088
0.5807
0.5907
0.5968
0.6304
0.594
0.5951
0.5965
0.5806
0.5892
0.5909
0.6001
0.6063
0.5748
0.5602
0.6035
0.605
0.6147
0.609
0.5947
0.5642
0.6088
0.5943
0.5911
0.5994
0.6013
0.5699
0.6053
0.5772
0.5747
0.6193
0.5808
0.6091
0.5925
0.6038
0.5897
0.5933
0.5787
0.5852
0.5867
0.5875
0.5895
0.5852
0.581
0.6025
0.6025
0.6115
0.5893
0.5887
0.6227
0.5993
0.6141
0.6076
0.6005
0.5717
0.577
0.6179
0.6102
0.5983
0.6009
0.592
0.6024
0.5981
0.5479
0.6073
0.6211
0.5765
0.5919
0.5848
0.5704
0.5845
0.6013
0.6072
0.5826
0.6454
0.5657
0.6073
0.605
0.5842
0.6012
0.5556
0.5929
0.5681
0.5973
0.604
0.6119
0.6072
0.6101
0.5835
0.5951
0.6095
0.6023
0.581
0.5868
0.5945
0.5983
0.6123
0.5838
0.5859
0.6013
0.6207
0.5743
0.5844
0.582
0.5876
0.5763
0.5919
0.5879
0.6311
0.5953
0.5827
0.5937
0.6093
0.577
0.6097
0.5598
0.5923
0.5953
0.5783
0.5961
0.5962
0.5938
0.5897
0.5791
0.5815
0.5685
0.6005
0.5956
0.6027
0.5839
0.6193
0.5813
0.6211
0.6015
0.5695
0.579
0.6009
0.5912
0.5951
0.5953
0.5944
0.591
0.5768
0.5879
0.5954
0.5884
0.6025
0.5858
0.6278
0.6069
0.6003
0.5865
0.5941
0.5973
0.6202
0.6247
0.5828
0.612
0.5944
0.5879
0.6176
0.6055
0.5968
0.571
0.5982
0.5954
0.6
0.6042
0.5862
0.6023
0.5765
0.5547
0.592
0.5965
0.5743
0.6281
0.6011
0.5982
0.5949
0.5925
0.5943
0.6216
0.6052
0.5916
0.5883
0.5993
0.6046
0.5953
0.6
0.5884
0.5994
0.5876
0.5933
0.6006
0.6089
0.577
0.5793
0.602
0.5876
0.5667
0.5903
0.5782
0.5581
0.5789
0.6029
0.6001
0.5705
0.6068
0.613
0.6051
0.5933
0.5977
0.6071
0.5935
0.6079
0.5522
0.5813
0.6162
0.5772
0.6275
0.6016
0.5909
0.6085
0.5903
0.581
0.5738
0.6303
0.5827
0.5725
0.591
0.5951
0.5722
0.6064
0.6094
0.5848
0.6197
0.5953
0.5832
0.594
0.5869
0.5799
0.6052
0.5718
0.5815
0.5866
0.5861
0.558
0.5934
0.5939
0.5984
0.6031
0.5881
0.5925
0.5902
0.5854
0.6042
0.5994
0.6052
0.5796
0.6259
0.5712
0.604
0.5719
0.5754
0.6116
0.6041
0.5657
0.5686
0.5882
0.5972
0.609
0.6181
0.6046
0.6226
0.603
0.5954
0.5983
0.5884
0.621
0.5889
0.609
0.5857
0.6206
0.5943
0.5962
0.5784
0.5848
0.5745
0.5887
0.5999
0.6049
0.5691
0.6205
0.615
0.6131
0.5952
0.5793
0.6094
0.6
0.5842
0.6024
0.5907
0.6014
0.5734
0.5632
0.606
0.5954
0.5846
0.6072
0.5944
0.5825
0.5908
0.5741
0.6025
0.5956
0.5733
0.6135
0.6103
0.5871
0.5863
0.616
0.5715
0.5762
0.6004
0.6286
0.6126
0.6181
0.6001
0.6022
0.5879
0.5881
0.5836
0.5675
0.5753
0.5907
0.5837
0.6076
0.5952
0.6061
0.6308
0.5896
0.5904
0.6094
0.6107
0.6205
0.6044
0.5707
0.6246
0.5885
0.5863
0.6001
0.5927
0.5929
0.6066
0.6266
0.5971
0.5872
0.5882
0.6056
0.5879
0.5753
0.6258
0.57
0.6061
0.5803
0.5695
0.5724
0.5908
0.633
0.593
0.597
0.5894
0.5867
0.6051
0.5894
0.5828
0.6077
0.6053
0.5957
0.5756
0.5684
0.6126
0.598
0.5804
0.5836
0.6028
0.5839
0.5906
0.5977
0.5781
0.6027
0.5853
0.5866
0.5882
0.5921
0.611
0.6004
0.5885
0.5985
0.5837
0.6071
0.5802
0.5847
0.6004
0.5779
0.5813
0.6106
0.5886
0.5997
0.5852
0.6097
0.587
0.5856
0.5748
0.6035
0.5914
0.5861
0.5818
0.6017
0.5515
0.5823
0.5922
0.5863
0.6082
0.5669
0.6151
0.595
0.5971
0.6221
0.5861
0.5841
0.593
0.5821
0.5764
0.5894
0.5886
0.6044
0.5626
0.5975
0.5855
0.5915
0.5925
0.5865
0.6066
0.6167
0.6048
0.582
0.5828
0.5876
0.6189
0.5751
0.5962
0.6366
0.611
0.5805
0.5862
0.5749
0.5512
0.5804
0.567
0.6073
0.6188
0.5952
0.5858
0.5883
0.596
0.5968
0.5778
0.6311
0.605
0.5823
0.5997
0.5747
0.5667
0.5804
0.5799
0.6035
0.5884
0.603
0.5766
0.6155
0.5846
0.6109
0.5912
0.5737
0.6126
0.5622
0.601
0.5848
0.6345
0.5886
0.6034
0.5914
0.5815
0.5856
0.5683
0.6021
0.5858
0.5751
0.5983
0.579
0.5858
0.5957
0.6084
0.6031
0.5926
0.5633
0.6036
0.5712
0.5924
0.5725
0.6011
0.6031
0.5929
0.6257
0.5733
0.6095
0.5692
0.5845
0.6034
0.608
0.572
0.6234
0.5894
0.6034
0.5972
0.6051
0.6049
0.5894
0.5948
0.5792
0.6021
0.6131
0.6157
0.5894
0.5908
0.585
0.6312
0.5997
0.6122
0.5766
0.5921
0.6028
0.5709
0.5949
0.6164
0.5838
0.6011
0.5884
0.5911
0.5858
0.6008
0.6122
0.5818
0.6171
0.6088
0.6016
0.6076
0.5957
0.5571
0.5952
0.5949
0.6213
0.6077
0.6265
0.5899
0.6267
0.6103
0.5886
0.6085
0.5693
0.6149
0.5695
0.5726
0.6058
0.5891
0.5902
0.5998
0.5884
0.5942
0.6206
0.7022
0.6096
0.5667
0.59
0.5971
0.6233
0.5934
0.5892
0.5902
0.5769
0.5957
0.5876
0.5929
0.5835
0.6034
0.5705
0.588
0.6007
0.5898
0.6026
0.5927
0.5973
0.5867
0.5876
0.5904
0.6136
0.6151
0.5853
0.5946
0.609
0.5967
0.5808
0.5939
0.5919
0.5584
0.583
0.5779
0.6168
0.5916
0.5643
0.5818
0.5719
0.6354
0.5848
0.6153
0.6126
0.5884
0.5939
0.604
0.5727
0.5876
0.6048
0.5719
0.6048
0.5741
0.5746
0.5902
0.6015
0.5985
0.5749
0.6171
0.642
0.5787
0.6096
0.5909
0.6187
0.6137
0.6138
0.6135
0.6064
0.5843
0.633
0.601
0.589
0.5894
0.6232
0.5677
0.6241
0.5868
0.5922
0.5948
0.5983
0.5972
0.5899
0.6129
0.5784
0.5901
0.5906
0.6056
0.6133
0.6003
0.6072
0.5983
0.5941
0.6058
0.604
0.5957
0.5816
0.5989
0.6006
0.592
0.5851
0.5991
0.6099
0.601
0.5885
0.6006
0.5958
0.595
0.5984
0.5702
0.5923
0.6196
0.5591
0.5864
0.5721
0.6208
0.5787
0.5817
0.5968
0.5586
0.5686
0.6003
0.5981
0.6052
0.6094
0.5872
0.5995
0.6078
0.5969
0.6058
0.5737
0.604
0.5796
0.5909
0.609
0.5567
0.5846
0.6036
0.632
0.5972
0.6237
0.578
0.576
0.5669
0.6064
0.5757
0.5763
0.6017
0.6046
0.579
0.602
0.6083
0.6081
0.5927
0.5965
0.595
0.5851
0.5687
0.6163
0.5787
0.6169
0.5889
0.6007
0.6083
0.5945
0.586
0.6027
0.5885
0.5929
0.602
0.572
0.6031
0.5311
0.6067
0.5914
0.6067
0.5932
0.6038
0.5985
0.5982
0.5806
0.6001
0.5939
0.611
0.5727
0.6018
0.5945
0.5767
0.6028
0.5892
0.5849
0.6067
0.5849
0.6196
0.5858
0.6202
0.5873
0.5876
0.6223
0.5953
0.5961
0.5775
0.5926
0.5895
0.5688
0.6004
0.597
0.6112
0.6156
0.5902
0.5819
0.6045
0.6058
0.5905
0.5951
0.5944
0.5737
0.5765
0.5941
0.6167
0.6056
0.5734
0.6053
0.6043
0.5752
0.5965
0.6458
0.6015
0.5733
0.6184
0.5966
0.5635
0.581
0.5869
0.5684
0.5957
0.5773
0.5933
0.5827
0.5878
0.5955
0.592
0.6008
0.5792
0.6092
0.5867
0.595
0.5601
0.5877
0.5925
0.6068
0.5892
0.6547
0.6009
0.5841
0.5899
0.5595
0.585
0.589
0.6235
0.6223
0.6082
0.6154
0.5678
0.5939
0.5661
0.5942
0.5667
0.5913
0.5891
0.5994
0.6015
0.5848
0.6084
0.5898
0.6006
0.6038
0.602
0.5743
0.605
0.6286
0.6148
0.579
0.6143
0.5973
0.6059
0.5896
0.5699
0.5989
0.5969
0.5975
0.606
0.5787
0.6082
0.5975
0.5921
0.5828
0.607
0.6201
0.5974
0.5877
0.5919
0.5887
0.6179
0.6067
0.5889
0.6084
0.5726
0.6054
0.5752
0.5744
0.5974
0.6128
0.592
0.5746
0.5766
0.5577
0.5955
0.5867
0.5551
0.5762
0.5783
0.6016
0.5885
0.579
0.6171
0.5954
0.5833
0.6046
0.5874
0.5743
0.5662
0.5817
0.6089
0.5702
0.6034
0.5933
0.5987
0.5904
0.5959
0.6083
0.6039
0.5708
0.5854
0.5976
0.5873
0.5847
0.605
0.6039
0.5865
0.5712
0.5682
0.5815
0.5631
0.6092
0.5998
0.6127
0.5968
0.6156
0.5692
0.6334
0.6014
0.5659
0.6108
0.6001
0.5927
0.5827
0.5975
0.5641
0.5846
0.6099
0.5729
0.58
0.5621
0.5899
0.5799
0.5938
0.5756
0.5937
0.5833
0.5952
0.5727
0.5724
0.5869
0.5835
0.6088
0.6021
0.5932
0.5921
0.599
0.5705
0.5841
0.6065
0.5991
0.58
0.5863
0.5876
0.5977
0.5679
0.5892
0.5846
0.5774
0.5701
0.5983
0.5658
0.5856
0.5821
0.5997
0.5776
0.5858
0.5608
0.5788
0.6011
0.5907
0.605
0.5852
0.6131
0.5874
0.5979
0.587
0.5952
0.5917
0.6042
0.5948
0.5852
0.5767
0.5963
0.5876
0.61
0.5952
0.5962
0.6027
0.6025
0.6203
0.6035
0.603
0.5958
0.5977
0.5688
0.5727
0.6033
0.616
0.5641
0.6074
0.6156
0.5989
0.5846
0.6096
0.6169
0.5803
0.5927
0.5656
0.5864
0.5999
0.5892
0.5765
0.605
0.6083
0.59
0.5997
0.5799
0.5714
0.6089
0.589
0.5942
0.5923
0.577
0.5924
0.5994
0.5969
0.6064
0.5894
0.5559
0.5772
0.5929
0.5864
0.6119
0.6154
0.6067
0.6027
0.5806
0.5757
0.6059
0.5906
0.6023
0.6308
0.6087
0.5839
0.605
0.6005
0.5992
0.5784
0.57
0.5858
0.5962
0.5835
0.5725
0.6023
0.6053
0.5878
0.5938
0.5931
0.6004
0.5772
0.5875
0.6042
0.5714
0.5771
0.5842
0.5747
0.5989
0.606
0.6065
0.5832
0.5926
0.6154
0.6425
0.5865
0.6051
0.5933
0.5935
0.5874
0.5818
0.6109
0.5981
0.5868
0.5686
0.6109
0.5926
0.5883
0.5942
0.5691
0.5885
0.6195
0.5772
0.598
0.6026
0.5933
0.5774
0.6023
0.5551
0.6239
0.5931
0.605
0.6107
0.5867
0.5889
0.6061
0.6202
0.552
0.5847
0.5829
0.5919
0.5669
0.6148
0.5829
0.5782
0.6119
0.616
0.5877
0.6335
0.6223
0.571
0.5935
0.5993
0.5953
0.5903
0.6045
0.608
0.594
0.5958
0.5765
0.5608
0.5776
0.5607
0.6041
0.5931
0.5953
0.6029
0.574
0.5677
0.587
0.5993
0.6039
0.6171
0.5619
0.5908
0.5641
0.6017
0.6055
0.5902
0.6089
0.6165
0.5979
0.5965
0.5958
0.6121
0.5941
0.5985
0.6018
0.5842
0.5796
0.578
0.5867
0.5722
0.5818
0.6019
0.5731
0.5855
0.5848
0.5631
0.5865
0.5734
0.591
0.572
0.5816
0.5831
0.5914
0.6138
0.6076
0.5711
0.5668
0.5931
0.5833
0.5807
0.5806
0.5828
0.5876
0.5829
0.5543
0.5851
0.6005
0.596
0.6028
0.6026
0.6222
0.5938
0.5793
0.5927
0.574
0.603
0.6149
0.5952
0.5862
0.6011
0.5806
0.5923
0.6222
0.5935
0.5745
0.5849
0.5934
0.5764
0.6065
0.5673
0.5878
0.5865
0.5743
0.6004
0.5925
0.6102
0.6184
0.6068
0.5711
0.6063
0.6049
0.5914
0.5961
0.5763
0.5801
0.6039
0.6009
0.5617
0.6178
0.5897
0.6039
0.6016
0.5495
0.5834
0.5899
0.5783
0.5775
0.5864
0.5876
0.6142
0.5705
0.6035
0.6112
0.5874
0.5739
0.598
0.6031
0.5942
0.5896
0.5979
0.6237
0.5735
0.5752
0.5926
0.597
0.6077
0.6155
0.6011
0.5962
0.5877
0.5614
0.592
0.6057
0.6118
0.5898
0.5746
0.624
0.6085
0.6152
0.5774
0.6236
0.5662
0.6054
0.6162
0.6091
0.6031
0.6072
0.5953
0.6116
0.5705
0.5963
0.5891
0.6174
0.5785
0.5951
0.6121
0.5923
0.5684
0.6165
0.5842
0.5989
0.5962
0.5829
0.5857
0.5954
0.6163
0.5875
0.5965
0.5871
0.5863
0.6143
0.5974
0.5674
0.5968
0.5817
0.5856
0.5922
0.6005
0.6198
0.5733
0.5797
0.6052
0.6015
0.6109
0.5597
0.5881
0.6173
0.5946
0.5916
0.5558
0.6156
0.621
0.6082
0.6028
0.5726
0.5939
0.6132
0.6164
0.6109
0.5928
0.5524
0.5855
0.6087
0.6034
0.5733
0.61
0.5974
0.6169
0.5989
0.5775
0.5883
0.5861
0.5805
0.5953
0.5688
0.5828
0.5789
0.5957
0.6353
0.6115
0.5799
0.5959
0.6021
0.5889
0.6141
0.595
0.6071
0.5751
0.5903
0.5982
0.6053
0.5925
0.5764
0.5967
0.6069
0.6076
0.5914
0.5752
0.6133
0.5822
0.6228
0.6048
0.5965
0.5771
0.58
0.6089
0.5748
0.5813
0.5722
0.582
0.6044
0.5944
0.5861
0.6087
0.6144
0.5873
0.6076
0.5847
0.5976
0.5797
0.5859
0.5892
0.5961
0.5843
0.5904
0.5849
0.5869
0.5945
0.5647
0.5869
0.6159
0.6064
0.5885
0.5924
0.6068
0.6165
0.577
0.5844
0.5895
0.5831
0.6084
0.6061
0.6009
0.6134
0.6025
0.5887
0.5963
0.6009
0.5722
0.5939
0.5958
0.5905
0.5918
0.5932
0.5914
0.5968
0.5677
0.578
0.578
0.6319
0.5698
0.5882
0.6108
0.6154
0.5956
0.6156
0.6027
0.6068
0.5938
0.5942
0.5799
0.5715
0.605
0.5803
0.5593
0.5852
0.6049
0.5868
0.5786
0.5763
0.5819
0.5839
0.5947
0.5467
0.595
0.5923
0.604
0.5828
0.5911
0.5899
0.5991
0.6083
0.5811
0.5882
0.5893
0.5927
0.5867
0.5665
0.6063
0.5857
0.5908
0.5895
0.5785
0.5951
0.5998
0.5688
0.5878
0.6197
0.57
0.5881
0.6003
0.5923
0.5937
0.5884
0.5995
0.5797
0.5835
0.5818
0.6109
0.5682
0.5925
0.6064
0.6195
0.5792
0.5976
0.6051
0.5931
0.5631
0.612
0.5808
0.5973
0.6127
0.6251
0.5921
0.593
0.5779
0.6051
0.5984
0.6128
0.5818
0.5755
0.5908
0.6147
0.5956
0.5889
0.5811
0.5792
0.5887
0.5904
0.5908
0.5917
0.5749
0.5727
0.5887
0.6116
0.6097
0.6001
0.5877
0.5717
0.5775
0.5748
0.621
0.5883
0.5848
0.5646
0.6091
0.5877
0.5728
0.5627
0.5985
0.6034
0.5613
0.5814
0.6168
0.5853
0.6155
0.6059
0.6129
0.583
0.5843
0.5705
0.6035
0.6094
0.592
0.585
0.5974
0.6005
0.5942
0.5801
0.5696
0.5756
0.5981
0.6152
0.5748
0.6103
0.5865
0.6233
0.5988
0.5824
0.5873
0.5645
0.5808
0.6026
0.5834
0.6108
0.6078
0.5728
0.5757
0.5934
0.598
0.6011
0.6077
0.6039
0.5885
0.6128
0.5564
0.5941
0.5802
0.5866
0.5937
0.5903
0.5929
0.6047
0.5743
0.5961
0.5758
0.6174
0.5945
0.5802
0.6039
0.5919
0.6108
0.595
0.6076
0.5889
0.563
0.5745
0.5994
0.5824
0.6119
0.5685
0.5848
0.5938
0.6
0.5984
0.5896
0.5724
0.5971
0.6124
0.613
0.5925
0.5884
0.6084
0.5948
0.5646
0.5924
0.5989
0.5841
0.5963
0.6344
0.5938
0.6211
0.5524
0.584
0.6041
0.5902
0.5952
0.5875
0.609
0.5999
0.6172
0.58
0.587
0.6011
0.5895
0.5951
0.6071
0.5889
0.6044
0.6113
0.5764
0.5911
0.5919
0.6188
0.588
0.6023
0.583
0.609
0.6116
0.5942
0.5885
0.5749
0.6065
0.6104
0.5831
0.6016
0.5919
0.5841
0.6252
0.6118
0.5822
0.6038
0.5742
0.5914
0.5777
0.5753
0.5796
0.6173
0.596
0.6112
0.5825
0.6049
0.57
0.5649
0.604
0.5636
0.5848
0.6205
0.5732
0.6088
0.5911
0.5682
0.5699
0.5928
0.601
0.588
0.5797
0.5993
0.5651
0.591
0.6167
0.6125
0.5885
0.6283
0.5966
0.6086
0.572
0.608
0.5633
0.604
0.6199
0.6216
0.6183
0.566
0.6323
0.5928
0.5595
0.6014
0.5827
0.5827
0.5891
0.608
0.5923
0.5881
0.5772
0.6011
0.5807
0.5827
0.5707
0.5968
0.5852
0.576
0.5566
0.6066
0.5944
0.6092
0.6057
0.585
0.5992
0.5919
0.5774
0.6023
0.6178
0.6168
0.6049
0.5813
0.5711
0.5847
0.563
0.6009
0.5801
0.6148
0.5973
0.6014
0.5879
0.5764
0.6023
0.5782
0.6146
0.5819
0.582
0.6153
0.5682
0.5909
0.5799
0.5998
0.609
0.5802
0.5907
0.6104
0.6131
0.578
0.5946
0.5904
0.609
0.5749
0.5683
0.6069
0.6291
0.6166
0.6033
0.5706
0.5702
0.5848
0.596
0.6002
0.6008
0.5907
0.5828
0.6028
0.5556
0.6223
0.6041
0.6066
0.583
0.5929
0.6275
0.5994
0.6066
0.6036
0.6005
0.5974
0.5674
0.588
0.6295
0.6251
0.5913
0.6056
0.5987
0.5855
0.5975
0.6058
0.6039
0.5698
0.5948
0.5632
0.6047
0.6236
0.56
0.5843
0.5731
0.5993
0.5915
0.5949
0.5933
0.5658
0.5997
0.5776
0.5822
0.5905
0.6045
0.5986
0.5792
0.5947
0.563
0.6021
0.5887
0.575
0.628
0.6081
0.5918
0.5881
0.6058
0.606
0.5971
0.594
0.5958
0.6163
0.5828
0.5767
0.5624
0.5824
0.6084
0.5913
0.598
0.5736
0.5932
0.5929
0.6115
0.5621
0.6169
0.6071
0.5822
0.6062
0.6053
0.6108
0.5837
0.5857
0.5898
0.6232
0.5958
0.5668
0.6014
0.5982
0.5926
0.5766
0.6022
0.5702
0.6084
0.6128
0.598
0.6139
0.6096
0.5891
0.5855
0.5909
0.6036
0.6304
0.5609
0.5932
0.5562
0.6022
0.609
0.5851
0.6181
0.5881
0.6186
0.5564
0.5749
0.5853
0.5899
0.5971
0.6057
0.5858
0.5911
0.5726
0.5916
0.592
0.5801
0.5811
0.5751
0.6588
0.5941
0.6036
0.6002
