0000
0002
0003
0004
0005
0008
0009
0010
0011
0016
0017
0021
0025
0027
0028
0029
0030
0034
0036
0037
0041
0050
0055
0056
0058
0060
0061
0064
0066
0067
0070
0071
0073
0074
0078
0081
0082
0090
0095
0096
0097
0099
0101
0105
0107
0111
0112
0117
0126
0127
0128
0129
0133
0141
0144
0151
0153
0157
0160
0163
0165
0166
0167
0169
0170
0172
0173
0174
0175
0178
0181
0182
0186
0189
0194
0196
0199
0200
0203
0204
0205
0206
0213
0215
0218
0222
0223
0224
0225
0228
0229
0231
0233
0235
0236
0238
0248
0250
0251
0258
0259
0264
0275
0276
0278
0280
0282
0292
0295
0296
0302
0303
0307
0309
0310
0312
0313
0317
0319
0320
0321
0322
0323
0324
0325
0327
0329
0330
0331
0332
0335
0336
0338
0341
0347
0348
0349
0351
0354
0355
0357
0358
0363
0364
0366
0367
0375
0376
0378
0380
0385
0389
0390
0391
0394
0395
0404
0405
0411
0413
0415
0416
0418
0423
0427
0430
0433
0434
0437
0438
0439
0440
0441
0449
0451
0453
0454
0456
0460
0463
0466
0469
0471
0478
0479
0491
0492
0496
0498
0500
0503
0505
0508
0510
0516
0519
0527
0528
0531
0532
0534
0536
0539
0550
0554
0561
0564
0566
0568
0569
0573
0576
0579
0581
0582
0584
0585
0588
0589
0596
0599
0603
0604
0609
0611
0612
0616
0622
0624
0625
0631
0633
0634
0636
0640
0642
0643
0645
0647
0649
0657
0659
0664
0665
0667
0670
0682
0686
0687
0688
0690
0691
0692
0694
0697
0701
0702
0705
0707
0709
0711
0713
0718
0719
0722
0724
0730
0735
0738
0741
0743
0744
0745
0748
0749
0753
0754
0766
0768
0769
0770
0772
0776
0777
0778
0780
0781
0782
0787
0788
0790
0791
0801
0803
0804
0807
0808
0811
0813
0817
0818
0819
0820
0823
0824
0825
0828
0829
0832
0833
0835
0840
0842
0844
0846
0847
0853
0854
0859
0861
0864
0868
0869
0873
0874
0876
0881
0884
0885
0891
0894
0895
0900
0903
0904
0907
0908
0909
0911
0913
0916
0925
0931
0933
0935
0936
0937
0938
0942
0943
0946
0948
0954
0957
0958
0966
0968
0970
0972
0975
0976
0978
0980
0984
0989
0996
0997
0998
1002
1006
1007
1012
1016
1018
1019
1020
1022
1023
1024
1037
1041
1043
1047
1048
1051
1055
1056
1060
1062
1063
1064
1068
1071
1073
1074
1076
1078
1084
1085
1087
1090
1091
1097
1100
1103
1105
1110
1114
1117
1118
1121
1124
1125
1131
1134
1137
1140
1141
1142
1145
1147
1150
1158
1164
1167
1170
1172
1175
1177
1178
1179
1180
1183
1184
1185
1193
1194
1198
1203
1205
1207
1208
1209
1211
1212
1215
1216
1218
1220
1224
1226
1231
1232
1239
1240
1245
1246
1247
1251
1252
1256
1258
1260
1265
1266
1268
1271
1272
1273
1277
1280
1281
1285
1288
1289
1295
1296
1297
1298
1303
1304
1307
1309
1312
1314
1316
1317
1319
1321
1325
1328
1333
1334
1338
1340
1342
1343
1347
1352
1357
1359
1360
1361
1363
1366
1368
1369
1376
1377
1378
1379
1381
1382
1383
1386
1389
1392
1393
1400
1402
1403
1404
1406
1414
1415
1417
1418
1422
1425
1427
1428
1431
1433
1434
1443
1444
1445
1446
1451
1452
1453
1455
1459
1460
1474
1477
1479
1480
1484
1488
1489
1490
1494
1496
1499
1500
1502
1506
1507
1509
1510
1514
1515
1520
1522
1526
1528
1529
1532
1536
1538
1539
1541
1544
1550
1552
1553
1560
1571
1575
1579
1582
1586
1588
1604
1606
1607
1615
1617
1618
1622
1624
1626
1627
1631
1633
1637
1641
1646
1652
1655
1657
1660
1662
1664
1665
1669
1670
1675
1678
1679
1684
1687
1689
1690
1691
1693
1696
1700
1701
1706
1707
1708
1710
1713
1714
1716
1719
1722
1723
1727
1733
1734
1737
1738
1742
1745
1746
1748
1752
1755
1757
1758
1760
1764
1765
1771
1775
1776
1777
1778
1781
1787
1788
1789
1790
1791
1792
1794
1795
1799
1805
1811
1813
1815
1818
1819
1821
1822
1823
1825
1826
1829
1830
1834
1837
1840
1841
1842
1844
1847
1851
1855
1861
1863
1865
1866
1868
1873
1874
1876
1877
1879
1883
1889
1891
1894
1896
1897
1898
1899
1901
1903
1907
1908
1909
1911
1913
1915
1917
1919
1922
1923
1927
1930
1933
1934
1938
1939
1946
1950
1956
1961
1965
1966
1967
1969
1972
1976
1981
1987
1990
1993
1997
2000
2001
2003
2009
2010
2016
2017
2020
2021
2023
2027
2032
2034
2036
2038
2039
2041
2044
2045
2046
2052
2053
2055
2056
2057
2059
2064
2066
2068
2069
2070
2072
2074
2078
2081
2082
2083
2091
2092
2093
2094
2097
2098
2101
2104
2106
2109
2111
2112
2114
2115
2116
2120
2121
2127
2129
2130
2131
2134
2136
2138
2139
2155
2157
2162
2165
2166
2171
2173
2180
2182
2185
2187
2189
2192
2196
2200
2201
2202
2209
2210
2212
2215
2216
2223
2224
2227
2228
2229
2230
2232
2234
2235
2236
2237
2240
2241
2245
2248
2252
2253
2254
2256
2257
2258
2263
2268
2275
2279
2282
2288
2289
2290
2294
2296
2303
2307
2310
2314
2316
2317
2320
2322
2326
2327
2328
2332
2334
2335
2337
2339
2340
2342
2343
2344
2346
2348
2350
2357
2358
2363
2369
2375
2376
2379
2383
2388
2391
2393
2397
2400
2402
2405
2410
2413
2414
2415
2421
2432
2436
2438
2443
2444
2446
2448
2449
2451
2452
2453
2455
2458
2460
2467
2468
2475
2476
2479
2481
2482
2484
2486
2487
2488
2490
2491
2498
2501
2503
2504
2505
2506
2508
2518
2520
2523
2524
2527
2528
2530
2534
2535
2539
2543
2548
2549
2551
2552
2553
2556
2562
2565
2566
2569
2571
2581
2582
2584
2585
2587
2588
2590
2592
2596
2597
2598
2611
2615
2618
2619
2620
2629
2637
2639
2646
2649
2655
2656
2658
2660
2664
2667
2669
2671
2679
2684
2685
2687
2690
2693
2697
2699
2700
2701
2702
2705
2706
2708
2709
2711
2713
2720
2722
2726
2729
2738
2739
2741
2743
2744
2746
2753
2758
2766
2767
2769
2771
2773
2778
2784
2788
2789
2790
2793
2794
2803
2805
2806
2807
2809
2811
2812
2814
2815
2817
2819
2820
2821
2824
2826
2830
2837
2842
2843
2846
2849
2850
2859
2860
2865
2880
2884
2887
2892
2895
2896
2897
2901
2903
2907
2912
2913
2918
2919
2922
2924
2931
2932
2934
2937
2941
2943
2944
2949
2950
2956
2957
2958
2961
2962
2963
2965
2966
2967
2969
2972
2973
2974
2977
2980
2981
2982
2985
2991
2993
2997
3000
3001
3007
3008
3011
3012
3016
3018
3019
3020
3021
3022
3024
3031
3032
3034
3035
3037
3039
3041
3046
3047
3051
3052
3055
3057
3059
3064
3066
3070
3073
3075
3076
3079
3080
3081
3082
3098
3099
3101
3103
3104
3106
3107
3120
3121
3122
3123
3125
3126
3128
3129
3131
3134
3135
3144
3148
3155
3156
3159
3160
3161
3172
3173
3174
3175
3177
3179
3182
3184
3191
3193
3194
3200
3201
3202
3203
3204
3207
3209
3218
3223
3225
3227
3235
3237
3240
3244
3246
3248
3256
3259
3260
3261
3269
3270
3273
3274
3277
3278
3281
3283
3284
3286
3287
3288
3290
3291
3293
3294
3296
3298
3300
3301
3302
3307
3308
3309
3310
3312
3313
3315
3316
3317
3320
3322
3327
3328
3330
3331
3341
3345
3346
3349
3355
3357
3358
3359
3360
3373
3374
3378
3379
3382
3383
3387
3389
3393
3395
3397
3400
3402
3403
3404
3406
3407
3409
3410
3419
3422
3426
3427
3428
3429
3434
3435
3436
3437
3438
3439
3440
3443
3445
3446
3454
3460
3467
3469
3470
3473
3474
3475
3476
3480
3481
3482
3484
3485
3488
3490
3491
3495
3496
3500
3502
3505
3507
3508
3509
3510
3511
3516
3519
3520
3521
3522
3527
3532
3534
3535
3536
3538
3544
3545
3546
3549
3550
3554
3555
3561
3563
3564
3568
3571
3572
3573
3574
3575
3577
3578
3579
3581
3586
3587
3589
3591
3592
3593
3594
3598
3599
3611
3614
3618
3620
3624
3628
3630
3632
3634
3637
3640
3642
3643
3644
3648
3650
3652
3654
3656
3657
3658
3662
3663
3664
3667
3668
3672
3675
3677
3679
3686
3687
3692
3695
3696
3699
3700
3705
3712
3713
3714
3725
3726
3727
3733
3735
3736
3737
3740
3748
3749
3750
3754
3757
3759
3760
3761
3763
3768
3771
3772
3773
3774
3781
3783
3785
3794
3795
3796
3797
3801
3803
3805
3813
3816
3820
3821
3822
3824
3825
3828
3830
3831
3832
3835
3837
3838
3839
3840
3842
3843
3850
3853
3854
3858
3859
3865
3870
3874
3877
3880
3881
3887
3888
3889
3896
3901
3903
3907
3910
3912
3919
3929
3931
3934
3938
3939
3941
3943
3948
3949
3951
3954
3955
3957
3960
3962
3963
3967
3968
3970
3974
3977
3978
3991
3992
3993
3995
4000
4001
4002
4004
4006
4009
4011
4014
4015
4016
4021
4023
4025
4028
4029
4036
4038
4039
4040
4041
4042
4043
4046
4048
4050
4051
4053
4056
4058
4059
4060
4061
4063
4065
4074
4076
4077
4080
4081
4086
4089
4090
4093
4094
4106
4109
4110
4114
4118
4120
4124
4126
4128
4131
4133
4135
4136
4137
4139
4140
4154
4158
4160
4164
4166
4169
4170
4173
4175
4179
4181
4183
4184
4185
4187
4188
4189
4190
4191
4192
4194
4196
4199
4201
4202
4210
4220
4225
4227
4229
4230
4231
4233
4234
4241
4244
4252
4257
4258
4259
4260
4268
4270
4271
4274
4276
4280
4281
4283
4290
4293
4294
4297
4298
4303
4306
4311
4318
4320
4323
4324
4325
4326
4329
4331
4334
4337
4338
4340
4343
4345
4346
4347
4348
4349
4350
4351
4354
4361
4362
4367
4368
4371
4373
4376
4380
4381
4384
4388
4390
4392
4394
4400
4405
4406
4408
4415
4417
4418
4419
4427
4432
4434
4445
4450
4452
4453
4454
4456
4458
4460
4461
4462
4463
4467
4475
4478
4479
4481
4482
4483
4485
4487
4494
4497
4500
4501
4503
4505
4517
4519
4522
4525
4530
4531
4532
4540
4543
4546
4555
4559
4560
4563
4567
4572
4573
4582
4584
4588
4592
4599
4600
4601
4605
4606
4607
4609
4613
4614
4616
4619
4626
4629
4630
4638
4639
4640
4649
4650
4652
4658
4659
4660
4667
4668
4669
4671
4673
4676
4683
4685
4688
4689
4694
4699
4700
4703
4704
4713
4714
4723
4730
4738
4739
4747
4750
4752
4754
4759
4761
4762
4767
4775
4777
4778
4779
4783
4786
4787
4788
4790
4793
4795
4797
4799
4800
4801
4805
4810
4811
4813
4814
4816
4820
4822
4824
4826
4828
4829
4830
4832
4834
4838
4841
4844
4845
4846
4851
4855
4868
4872
4873
4875
4876
4879
4886
4890
4892
4894
4895
4898
4901
4902
4910
4912
4914
4918
4919
4920
4921
4928
4931
4934
4937
4938
4942
4945
4951
4952
4955
4963
4964
4965
4967
4969
4971
4976
4986
4990
4993
4998
5000
5002
5006
5009
5010
5014
5015
5017
5020
5023
5026
5027
5029
5031
5032
5033
5034
5036
5037
5042
5043
5049
5051
5052
5056
5057
5058
5060
5061
5063
5064
5068
5070
5076
5078
5080
5082
5084
5085
5087
5088
5093
5094
5095
5100
5102
5106
5107
5108
5109
5115
5116
5117
5119
5120
5121
5126
5127
5128
5130
5136
5137
5138
5144
5145
5148
5152
5154
5156
5167
5169
5172
5177
5185
5189
5190
5193
5196
5200
5204
5205
5207
5213
5222
5223
5224
5225
5226
5227
5229
5230
5234
5236
5238
5241
5245
5246
5249
5250
5252
5262
5265
5266
5267
5268
5270
5271
5272
5276
5282
5289
5291
5296
5299
5301
5305
5312
5321
5326
5329
5330
5333
5335
5338
5348
5349
5350
5352
5353
5354
5357
5359
5360
5363
5365
5378
5380
5382
5383
5384
5390
5391
5392
5394
5397
5399
5412
5413
5414
5416
5417
5418
5420
5423
5425
5429
5431
5434
5435
5442
5445
5448
5449
5452
5454
5460
5461
5465
5466
5468
5469
5472
5473
5476
5477
5478
5483
5484
5485
5493
5496
5502
5503
5506
5508
5509
5514
5515
5517
5518
5520
5521
5522
5527
5530
5531
5533
5534
5535
5536
5540
5541
5546
5551
5556
5558
5559
5561
5564
5568
5569
5572
5589
5591
5596
5598
5601
5606
5607
5608
5610
5612
5619
5625
5626
5627
5629
5630
5634
5635
5639
5643
5644
5646
5652
5655
5658
5659
5660
5663
5664
5666
5669
5671
5672
5676
5677
5680
5682
5683
5684
5692
5695
5704
5707
5709
5712
5716
5718
5719
5720
5721
5723
5724
5726
5729
5730
5731
5735
5737
5739
5742
5743
5745
5746
5747
5748
5754
5757
5760
5767
5769
5770
5772
5777
5778
5780
5782
5787
5789
5791
5792
5795
5797
5798
5800
5801
5807
5812
5813
5819
5820
5823
5825
5826
5827
5829
5830
5832
5834
5837
5840
5841
5843
5845
5846
5848
5852
5855
5856
5861
5863
5865
5866
5872
5875
5877
5879
5884
5888
5889
5890
5891
5893
5894
5897
5899
5903
5906
5912
5915
5916
5917
5923
5926
5929
5935
5936
5938
5939
5945
5949
5954
5955
5960
5961
5962
5963
5965
5969
5971
5972
5975
5976
5979
5981
5983
5985
5987
5993
5995
6007
6011
6012
6016
6017
6022
6025
6029
6030
6032
6039
6040
6041
6043
6049
6050
6065
6069
6071
6072
6073
6077
6079
6082
6085
6086
6087
6091
6093
6094
6098
6103
6106
6109
6112
6114
6119
6122
6123
6127
6132
6133
6135
6137
6138
6140
6142
6145
6150
6156
6158
6165
6166
6168
6169
6177
6179
6180
6186
6187
6190
6191
6193
6195
6199
6203
6205
6208
6211
6212
6216
6218
6225
6226
6227
6229
6232
6239
6240
6242
6244
6245
6247
6249
6253
6254
6255
6258
6259
6263
6267
6269
6270
6273
6274
6278
6281
6287
6291
6296
6298
6300
6305
6320
6328
6329
6330
6335
6337
6340
6342
6343
6344
6352
6353
6356
6365
6366
6371
6373
6379
6383
6385
6388
6391
6392
6395
6396
6399
6401
6402
6405
6412
6413
6414
6417
6418
6419
6420
6422
6425
6428
6430
6432
6434
6435
6439
6440
6445
6446
6448
6451
6452
6456
6461
6463
6465
6477
6479
6481
6483
6484
6491
6493
6495
6496
6497
6501
6503
6505
6511
6513
6515
6522
6523
6526
6528
6530
6538
6541
6545
6550
6551
6553
6557
6562
6565
6568
6573
6574
6575
6576
6578
6580
6584
6586
6587
6588
6589
6590
6594
6597
6598
6601
6604
6605
6608
6616
6618
6619
6624
6628
6630
6632
6636
6638
6639
6642
6643
6644
6645
6647
6649
6653
6655
6656
6657
6665
6666
6669
6671
6673
6676
6680
6681
6684
6686
6690
6691
6694
6696
6697
6698
6700
6703
6705
6707
6708
6709
6713
6714
6715
6716
6717
6720
6723
6730
6731
6735
6736
6744
6747
6748
6753
6754
6755
6762
6764
6767
6769
6771
6773
6774
6777
6779
6780
6782
6787
6789
6790
6791
6792
6793
6804
6807
6808
6810
6813
6816
6819
6820
6821
6832
6833
6835
6837
6838
6842
6846
6847
6851
6853
6858
6861
6865
6866
6867
6869
6870
6873
6875
6876
6878
6879
6884
6885
6886
6890
6892
6897
6900
6903
6904
6908
6911
6914
6915
6920
6923
6924
6927
6928
6932
6933
6935
6940
6942
6944
6950
6952
6955
6958
6959
6960
6962
6963
6964
6969
6971
6973
6975
6976
6981
6985
6987
6995
6998
7000
7001
7003
7004
7005
7006
7013
7014
7017
7018
7019
7022
7028
7032
7033
7035
7039
7044
7045
7050
7051
7053
7055
7057
7058
7061
7063
7064
7065
7068
7073
7074
7075
7076
7078
7079
7083
7087
7089
7090
7091
7093
7095
7096
7102
7109
7112
7118
7119
7120
7123
7125
7129
7131
7132
7136
7138
7139
7140
7141
7142
7145
7149
7153
7157
7158
7162
7164
7166
7169
7171
7181
7182
7184
7185
7186
7188
7190
7199
7201
7204
7206
7209
7210
7211
7213
7217
7218
7220
7221
7222
7224
7225
7232
7234
7236
7239
7241
7243
7244
7248
7249
7250
7251
7256
7261
7265
7267
7269
7272
7274
7275
7281
7283
7293
7295
7296
7297
7300
7306
7307
7308
7312
7318
7321
7326
7327
7329
7334
7336
7340
7342
7348
7352
7353
7354
7355
7357
7359
7360
7365
7367
7368
7370
7371
7373
7376
7377
7380
7382
7385
7388
7390
7394
7399
7403
7404
7405
7407
7412
7421
7422
7429
7432
7437
7438
7439
7441
7446
7448
7450
7455
7463
7464
7466
7468
7469
7470
7473
7474
7475
7480
7481
7482
7485
7487
7488
7489
7491
7494
7500
7508
7509
7510
7514
7515
7518
7520
7523
7526
7529
7533
7538
7542
7545
7547
7549
7550
7551
7552
7553
7555
7561
7571
7572
7575
7577
7579
7588
7589
7591
7594
7595
7596
7597
7598
7601
7607
7608
7610
7613
7616
7620
7622
7623
7627
7628
7632
7635
7640
7643
7644
7645
7652
7654
7658
7661
7662
7664
7666
7670
7671
7672
7673
7676
7677
7678
7679
7681
7683
7685
7686
7687
7692
7693
7698
7699
7701
7702
7705
7710
7711
7712
7716
7718
7721
7724
7725
7727
7728
7732
7734
7735
7737
7740
7746
7748
7750
7755
7758
7764
7768
7769
7770
7771
7772
7773
7774
7778
7780
7782
7783
7784
7785
7787
7792
7794
7798
7799
7804
7806
7808
7809
7814
7818
7819
7824
7825
7828
7830
7831
7832
7835
7838
7840
7841
7845
7852
7853
7859
7864
7873
7874
7875
7876
7877
7881
7883
7887
7889
7891
7893
7894
7896
7900
7901
7902
7909
7910
7912
7913
7914
7916
7917
7920
7923
7925
7928
7936
7941
7945
7946
7947
7948
7950
7952
7953
7954
7955
7957
7959
7966
7969
7972
7976
7979
7981
7982
7984
7985
7992
7996
7997
8000
8004
8006
8011
8012
8013
8022
8027
8031
8033
8035
8039
8042
8043
8044
8046
8050
8056
8058
8062
8064
8065
8071
8072
8074
8075
8077
8081
8082
8090
8091
8093
8097
8101
8102
8106
8109
8117
8118
8119
8120
8124
8127
8130
8132
8133
8134
8136
8137
8138
8143
8145
8148
8156
8161
8165
8166
8167
8170
8171
8175
8176
8177
8179
8181
8182
8184
8187
8188
8189
8190
8192
8193
8194
8195
8197
8198
8199
8200
8201
8202
8203
8205
8208
8210
8211
8212
8216
8219
8220
8221
8222
8224
8225
8232
8234
8239
8241
8244
8245
8248
8250
8255
8258
8261
8262
8264
8270
8275
8279
8280
8283
8284
8285
8289
8292
8295
8297
8301
8302
8303
8304
8307
8308
8309
8311
8312
8317
8320
8322
8327
8328
8331
8336
8337
8340
8343
8347
8348
8350
8353
8356
8357
8358
8359
8364
8365
8370
8372
8373
8375
8377
8381
8382
8388
8390
8396
8399
8400
8401
8402
8408
8409
8410
8415
8416
8418
8419
8420
8424
8425
8426
8427
8429
8431
8434
8437
8438
8439
8441
8444
8449
8457
8458
8459
8460
8461
8466
8467
8468
8470
8475
8478
8491
8493
8499
8501
8502
8504
8505
8510
8511
8512
8522
8524
8525
8526
8527
8529
8532
8535
8536
8537
8538
8539
8541
8542
8546
8547
8550
8551
8557
8561
8562
8565
8566
8572
8577
8581
8584
8585
8586
8589
8597
8598
8614
8615
8617
8618
8619
8623
8624
8630
8631
8634
8635
8643
8647
8649
8650
8652
8653
8655
8659
8667
8668
8669
8670
8676
8678
8680
8681
8682
8687
8700
8703
8705
8708
8712
8718
8719
8720
8729
8731
8733
8734
8736
8742
8744
8746
8748
8749
8750
8751
8759
8762
8763
8764
8766
8767
8771
8773
8776
8777
8779
8780
8781
8785
8790
8794
8795
8797
8804
8805
8810
8812
8821
8825
8826
8828
8830
8843
8845
8849
8852
8853
8854
8856
8863
8866
8867
8869
8871
8875
8876
8877
8881
8882
8885
8889
8892
8895
8896
8902
8907
8909
8911
8912
8916
8918
8920
8922
8926
8928
8929
8934
8935
8940
8942
8944
8946
8947
8948
8949
8950
8954
8956
8958
8961
8962
8964
8965
8966
8971
8974
8975
8976
8978
8979
8980
8981
8984
8990
8995
8998
9000
9002
9005
9007
9009
9010
9011
9012
9013
9017
9018
9021
9023
9024
9025
9029
9030
9032
9033
9035
9036
9037
9040
9043
9068
9069
9070
9071
9072
9074
9078
9082
9084
9087
9088
9092
9093
9094
9101
9103
9107
9108
9110
9111
9115
9119
9120
9121
9123
9126
9128
9130
9133
9134
9136
9138
9140
9147
9150
9155
9158
9161
9162
9166
9167
9172
9174
9178
9183
9184
9189
9190
9191
9195
9196
9200
9203
9204
9206
9209
9212
9213
9216
9220
9221
9222
9223
9228
9231
9235
9237
9249
9250
9252
9258
9260
9270
9272
9276
9278
9280
9281
9284
9285
9289
9291
9294
9295
9299
9300
9301
9303
9305
9312
9313
9315
9320
9328
9329
9330
9333
9334
9335
9340
9343
9350
9353
9357
9363
9365
9372
9374
9376
9378
9380
9383
9385
9388
9392
9395
9396
9398
9402
9404
9406
9412
9416
9417
9420
9426
9434
9435
9437
9440
9445
9446
9447
9450
9457
9458
9460
9462
9473
9477
9483
9484
9486
9487
9492
9493
9494
9495
9498
9500
9502
9503
9506
9507
9510
9512
9513
9516
9522
9523
9527
9536
9540
9541
9544
9546
9548
9551
9553
9556
9557
9560
9564
9565
9566
9574
9577
9578
9580
9582
9583
9584
9586
9590
9593
9595
9601
9604
9608
9612
9619
9622
9623
9624
9625
9627
9630
9631
9632
9633
9634
9635
9637
9641
9642
9643
9648
9653
9655
9657
9658
9663
9664
9667
9668
9669
9672
9674
9678
9680
9689
9692
9693
9695
9696
9697
9699
9701
9707
9708
9711
9713
9714
9715
9719
9720
9722
9724
9725
9726
9729
9732
9734
9735
9740
9743
9744
9746
9752
9753
9755
9756
9760
9764
9765
9766
9767
9768
9770
9775
9779
9780
9783
9786
9788
9791
9795
9797
9799
9800
9803
9811
9812
9813
9815
9817
9819
9820
9822
9823
9824
9827
9828
9831
9839
9841
9845
9851
9853
9858
9863
9865
9870
9871
9873
9877
9878
9879
9883
9886
9887
9894
9897
9901
9903
9913
9914
9916
9920
9921
9929
9930
9931
9937
9938
9939
9946
9953
9958
9959
9963
9972
9973
9975
9977
9979
9980
9981
9982
9983
9984
9985

3651 numbers missing
