0000
0001
0002
0007
0009
0013
0014
0017
0018
0020
0024
0027
0030
0036
0038
0043
0046
0047
0052
0057
0060
0062
0068
0074
0075
0077
0079
0082
0083
0084
0085
0087
0088
0089
0091
0094
0103
0107
0108
0111
0115
0120
0123
0125
0132
0133
0135
0139
0140
0143
0144
0148
0151
0152
0153
0155
0157
0160
0163
0164
0166
0169
0170
0174
0175
0176
0177
0178
0180
0182
0183
0184
0186
0187
0188
0189
0194
0196
0204
0205
0207
0209
0212
0214
0215
0220
0221
0223
0224
0227
0230
0231
0232
0233
0238
0239
0241
0243
0245
0246
0253
0255
0256
0257
0258
0259
0262
0265
0268
0271
0278
0281
0293
0294
0300
0303
0305
0308
0311
0312
0316
0321
0322
0324
0325
0328
0329
0331
0335
0339
0342
0345
0347
0351
0358
0361
0362
0363
0364
0366
0369
0371
0378
0379
0383
0385
0387
0392
0394
0399
0401
0402
0405
0406
0409
0410
0412
0416
0417
0421
0427
0431
0433
0434
0436
0438
0440
0441
0442
0444
0447
0452
0458
0459
0460
0461
0462
0465
0470
0473
0476
0479
0481
0483
0487
0488
0489
0491
0501
0502
0503
0505
0508
0509
0510
0514
0515
0517
0519
0520
0521
0524
0528
0531
0533
0536
0540
0544
0546
0547
0551
0553
0554
0561
0565
0566
0571
0574
0581
0588
0589
0590
0591
0593
0598
0599
0602
0606
0607
0608
0610
0612
0615
0618
0620
0622
0623
0626
0629
0630
0632
0636
0637
0640
0646
0647
0648
0649
0650
0651
0655
0662
0667
0668
0670
0677
0678
0683
0684
0690
0691
0692
0693
0698
0701
0703
0713
0716
0717
0720
0725
0727
0735
0737
0740
0741
0743
0745
0747
0748
0749
0751
0752
0753
0755
0756
0759
0762
0767
0768
0774
0775
0776
0778
0779
0780
0782
0787
0788
0793
0794
0795
0799
0802
0807
0811
0813
0815
0818
0819
0821
0823
0824
0828
0831
0833
0834
0836
0839
0843
0846
0848
0852
0854
0858
0863
0867
0868
0872
0875
0876
0877
0879
0880
0882
0885
0886
0887
0889
0890
0891
0892
0895
0897
0905
0909
0910
0912
0913
0923
0931
0932
0933
0936
0939
0942
0945
0946
0947
0948
0949
0954
0959
0960
0964
0966
0969
0970
0976
0978
0986
0988
0995
0997
0999
1001
1003
1019
1024
1025
1026
1030
1035
1037
1039
1043
1046
1053
1054
1056
1060
1061
1062
1063
1067
1068
1069
1070
1074
1075
1078
1080
1082
1084
1087
1088
1090
1093
1099
1102
1104
1106
1107
1110
1111
1112
1114
1115
1118
1122
1124
1126
1128
1131
1132
1137
1142
1143
1145
1148
1150
1151
1153
1154
1155
1158
1162
1164
1171
1175
1180
1181
1182
1184
1189
1192
1202
1203
1204
1211
1213
1215
1217
1220
1222
1229
1233
1234
1236
1240
1245
1247
1248
1254
1256
1259
1260
1261
1263
1265
1277
1278
1279
1283
1286
1287
1288
1289
1292
1294
1295
1306
1308
1312
1313
1316
1319
1321
1322
1325
1331
1335
1336
1338
1343
1346
1347
1348
1350
1351
1353
1355
1356
1358
1360
1364
1366
1370
1371
1372
1373
1374
1379
1380
1387
1391
1392
1396
1397
1399
1411
1417
1418
1430
1432
1436
1439
1440
1443
1448
1450
1455
1460
1461
1462
1464
1474
1481
1482
1483
1485
1487
1488
1491
1492
1494
1498
1499
1500
1502
1505
1508
1510
1517
1519
1524
1525
1526
1527
1531
1534
1537
1539
1540
1546
1549
1552
1553
1554
1560
1561
1563
1564
1565
1568
1574
1575
1578
1580
1582
1583
1585
1586
1594
1597
1600
1604
1606
1611
1612
1619
1621
1626
1628
1638
1645
1648
1649
1650
1656
1657
1659
1662
1663
1667
1675
1676
1678
1679
1680
1681
1687
1689
1691
1692
1695
1698
1700
1701
1704
1705
1707
1708
1709
1713
1716
1719
1720
1724
1726
1730
1731
1733
1740
1741
1742
1744
1750
1752
1759
1761
1764
1766
1768
1769
1773
1774
1777
1778
1779
1780
1781
1783
1788
1789
1795
1796
1797
1800
1801
1803
1804
1805
1808
1810
1812
1816
1817
1820
1822
1823
1824
1828
1831
1838
1847
1848
1850
1851
1868
1869
1877
1878
1880
1882
1884
1886
1888
1889
1890
1892
1894
1896
1901
1903
1904
1912
1914
1916
1919
1923
1924
1926
1928
1929
1933
1936
1937
1940
1944
1945
1948
1950
1955
1958
1968
1969
1972
1978
1981
1982
1985
1993
1997
1998
1999
2001
2002
2003
2005
2008
2015
2022
2023
2024
2025
2028
2029
2030
2032
2036
2040
2043
2044
2045
2047
2048
2049
2050
2055
2060
2063
2064
2068
2069
2070
2074
2078
2079
2081
2090
2094
2095
2101
2102
2115
2119
2121
2126
2128
2130
2136
2141
2142
2143
2145
2149
2152
2153
2155
2158
2165
2167
2170
2174
2176
2178
2180
2185
2188
2189
2194
2195
2200
2206
2211
2215
2217
2219
2223
2227
2229
2232
2235
2238
2240
2243
2244
2255
2260
2264
2266
2270
2271
2273
2275
2278
2280
2281
2282
2293
2297
2299
2304
2310
2312
2315
2318
2320
2321
2322
2324
2329
2330
2331
2333
2338
2340
2342
2344
2345
2357
2359
2361
2365
2366
2367
2369
2370
2372
2375
2376
2377
2381
2383
2385
2386
2388
2389
2393
2395
2400
2403
2404
2407
2409
2410
2415
2417
2418
2420
2421
2423
2425
2427
2428
2431
2439
2442
2443
2447
2449
2450
2455
2456
2457
2461
2462
2463
2466
2467
2469
2472
2475
2476
2478
2479
2480
2481
2483
2486
2488
2492
2500
2502
2504
2511
2513
2526
2529
2531
2536
2537
2539
2541
2544
2546
2557
2558
2559
2566
2573
2576
2579
2580
2581
2583
2584
2585
2587
2593
2594
2596
2598
2600
2607
2608
2610
2612
2614
2615
2616
2621
2623
2625
2630
2633
2637
2638
2641
2644
2646
2649
2650
2661
2662
2663
2666
2667
2669
2672
2677
2678
2681
2682
2683
2687
2688
2689
2692
2693
2695
2696
2698
2702
2707
2715
2717
2718
2719
2722
2727
2728
2729
2730
2731
2732
2738
2740
2741
2743
2744
2745
2751
2754
2756
2760
2762
2767
2768
2779
2792
2794
2797
2800
2802
2805
2808
2809
2810
2811
2812
2814
2817
2818
2820
2825
2826
2831
2832
2836
2837
2838
2839
2844
2845
2849
2851
2852
2853
2855
2857
2860
2864
2866
2872
2873
2877
2879
2883
2885
2889
2891
2892
2894
2895
2899
2903
2904
2905
2906
2907
2908
2911
2912
2914
2915
2918
2919
2922
2923
2926
2935
2937
2938
2940
2943
2944
2945
2950
2954
2957
2958
2959
2960
2963
2981
2982
2985
2987
2990
2992
2993
2994
2999
3000
3002
3004
3006
3007
3008
3009
3010
3012
3023
3036
3037
3040
3042
3043
3044
3049
3051
3056
3059
3069
3073
3074
3075
3079
3080
3083
3085
3088
3093
3094
3095
3101
3108
3110
3112
3119
3120
3121
3122
3124
3126
3127
3131
3132
3133
3134
3135
3138
3139
3143
3148
3152
3156
3157
3158
3161
3164
3167
3168
3169
3170
3171
3175
3178
3180
3182
3184
3190
3194
3201
3202
3206
3207
3209
3210
3212
3216
3218
3221
3224
3225
3227
3228
3230
3235
3236
3240
3242
3244
3245
3246
3247
3248
3250
3253
3254
3255
3257
3262
3268
3270
3272
3273
3277
3280
3283
3284
3289
3290
3291
3294
3295
3297
3298
3299
3301
3304
3307
3310
3314
3318
3319
3324
3327
3328
3329
3332
3333
3335
3336
3339
3341
3343
3350
3351
3352
3353
3354
3355
3358
3359
3365
3368
3370
3373
3376
3380
3384
3387
3388
3392
3394
3396
3397
3399
3400
3401
3403
3405
3406
3409
3411
3412
3413
3416
3423
3424
3426
3429
3433
3437
3442
3447
3448
3453
3457
3458
3463
3468
3470
3471
3472
3473
3474
3477
3481
3483
3485
3487
3493
3495
3497
3500
3505
3509
3510
3512
3514
3516
3517
3521
3522
3524
3532
3533
3541
3546
3549
3551
3553
3555
3557
3561
3565
3570
3572
3577
3584
3586
3587
3592
3597
3602
3605
3612
3613
3614
3617
3618
3627
3628
3630
3631
3633
3636
3640
3641
3646
3647
3649
3650
3651
3656
3659
3660
3662
3664
3665
3666
3669
3670
3671
3676
3680
3683
3684
3687
3688
3689
3690
3691
3692
3695
3696
3697
3700
3703
3704
3705
3708
3711
3712
3715
3725
3726
3728
3730
3731
3732
3733
3736
3737
3738
3739
3740
3741
3743
3747
3748
3749
3750
3753
3759
3764
3768
3769
3771
3772
3777
3781
3782
3784
3791
3792
3795
3802
3803
3804
3805
3806
3807
3808
3816
3820
3821
3822
3825
3839
3845
3847
3848
3849
3854
3855
3856
3861
3865
3866
3871
3876
3878
3880
3886
3887
3888
3889
3892
3896
3901
3902
3915
3916
3920
3923
3925
3927
3935
3939
3943
3946
3951
3956
3957
3958
3960
3963
3964
3967
3969
3971
3973
3977
3980
3981
3987
3988
3990
3991
3992
3997
3998
4000
4001
4003
4005
4007
4008
4010
4015
4016
4018
4020
4022
4023
4026
4039
4040
4041
4045
4046
4048
4049
4050
4053
4054
4055
4057
4059
4069
4073
4074
4075
4082
4083
4089
4094
4095
4096
4097
4098
4099
4103
4104
4106
4108
4111
4114
4115
4116
4118
4119
4123
4124
4125
4129
4139
4141
4147
4149
4153
4156
4161
4164
4171
4174
4176
4177
4178
4179
4180
4182
4185
4188
4194
4198
4207
4212
4213
4214
4217
4222
4224
4226
4227
4230
4234
4235
4237
4238
4240
4243
4246
4249
4258
4260
4261
4266
4267
4268
4276
4279
4280
4283
4284
4286
4289
4292
4293
4294
4296
4303
4304
4305
4307
4311
4312
4313
4316
4320
4321
4325
4327
4329
4331
4339
4342
4346
4348
4349
4355
4358
4360
4361
4365
4368
4373
4377
4380
4381
4382
4386
4392
4393
4397
4398
4399
4402
4404
4405
4410
4412
4414
4415
4420
4422
4424
4426
4430
4432
4434
4435
4438
4441
4444
4446
4449
4450
4451
4453
4454
4455
4464
4465
4466
4467
4471
4472
4475
4476
4481
4483
4486
4487
4491
4493
4496
4499
4500
4503
4509
4511
4514
4518
4523
4527
4528
4529
4534
4535
4536
4538
4545
4548
4554
4557
4559
4569
4570
4572
4574
4577
4578
4580
4582
4583
4584
4596
4597
4600
4605
4606
4607
4614
4617
4618
4619
4621
4627
4629
4630
4631
4633
4634
4635
4647
4648
4650
4652
4656
4660
4661
4662
4663
4667
4670
4673
4678
4679
4686
4689
4693
4694
4696
4698
4700
4702
4705
4708
4714
4717
4718
4720
4723
4724
4725
4727
4728
4729
4731
4738
4740
4741
4742
4744
4751
4755
4758
4759
4761
4762
4763
4767
4770
4785
4788
4789
4790
4792
4796
4798
4799
4805
4812
4813
4817
4819
4827
4828
4831
4832
4833
4834
4837
4838
4839
4841
4845
4850
4852
4862
4864
4866
4869
4871
4874
4875
4876
4883
4884
4887
4897
4898
4899
4908
4910
4911
4913
4916
4921
4923
4926
4927
4928
4932
4933
4934
4935
4941
4943
4948
4951
4952
4961
4966
4968
4970
4971
4977
4979
4981
4982
4984
4990
4994
4996
4998
5000
5001
5002
5003
5004
5006
5009
5010
5013
5016
5017
5018
5021
5026
5027
5029
5036
5037
5040
5041
5042
5050
5051
5053
5055
5056
5057
5061
5062
5066
5071
5074
5075
5080
5083
5084
5087
5089
5090
5091
5092
5094
5099
5106
5107
5108
5110
5113
5119
5120
5129
5131
5138
5148
5149
5153
5158
5164
5173
5177
5180
5183
5190
5192
5193
5197
5199
5204
5207
5214
5217
5218
5219
5221
5222
5229
5232
5234
5236
5239
5241
5242
5244
5247
5250
5251
5258
5260
5264
5267
5268
5273
5274
5275
5276
5281
5282
5287
5289
5291
5292
5293
5295
5299
5302
5304
5307
5308
5312
5313
5315
5316
5317
5320
5323
5327
5330
5333
5335
5336
5340
5341
5345
5347
5348
5350
5351
5354
5360
5366
5367
5368
5369
5373
5374
5375
5380
5387
5391
5393
5397
5399
5400
5401
5402
5404
5411
5416
5421
5422
5424
5426
5430
5440
5442
5445
5446
5448
5458
5460
5462
5465
5467
5469
5472
5475
5476
5479
5482
5483
5484
5486
5490
5491
5496
5511
5514
5515
5519
5520
5522
5523
5531
5533
5535
5536
5539
5540
5542
5543
5545
5548
5550
5553
5554
5555
5556
5566
5568
5571
5572
5575
5577
5579
5580
5586
5591
5594
5597
5603
5605
5607
5609
5616
5617
5629
5631
5633
5634
5642
5643
5645
5652
5653
5655
5656
5658
5666
5667
5668
5674
5682
5683
5684
5686
5689
5692
5693
5702
5703
5704
5707
5708
5710
5717
5723
5728
5731
5733
5736
5737
5743
5749
5753
5754
5755
5758
5760
5763
5767
5769
5772
5775
5776
5779
5780
5783
5787
5788
5789
5790
5794
5798
5800
5801
5802
5804
5805
5807
5809
5811
5816
5817
5819
5823
5824
5826
5830
5837
5840
5841
5843
5849
5852
5854
5856
5857
5858
5860
5861
5862
5866
5868
5871
5877
5882
5883
5886
5887
5894
5895
5899
5901
5905
5908
5911
5914
5915
5917
5921
5922
5927
5928
5929
5930
5932
5934
5939
5944
5948
5949
5952
5962
5965
5966
5967
5971
5972
5976
5979
5980
5983
5986
5989
5992
5999
6000
6004
6005
6008
6017
6018
6022
6027
6032
6037
6043
6045
6046
6048
6053
6055
6056
6058
6059
6060
6064
6066
6067
6070
6071
6073
6074
6079
6081
6083
6087
6088
6093
6098
6107
6108
6109
6114
6123
6124
6126
6132
6135
6137
6138
6147
6149
6154
6155
6157
6159
6162
6165
6166
6167
6168
6169
6170
6173
6174
6176
6177
6188
6190
6191
6194
6195
6197
6202
6203
6204
6206
6207
6214
6216
6217
6221
6226
6227
6232
6238
6242
6245
6253
6261
6262
6263
6266
6275
6277
6279
6281
6283
6285
6287
6289
6290
6292
6296
6298
6300
6301
6304
6307
6308
6309
6310
6311
6313
6316
6319
6323
6324
6329
6330
6334
6335
6337
6338
6339
6349
6350
6351
6352
6361
6362
6367
6368
6372
6373
6378
6379
6380
6382
6386
6392
6396
6408
6410
6411
6415
6418
6423
6424
6427
6428
6429
6432
6438
6440
6441
6443
6444
6445
6450
6451
6453
6460
6463
6466
6467
6472
6474
6478
6489
6490
6492
6497
6499
6500
6503
6505
6506
6507
6509
6511
6518
6519
6523
6524
6525
6529
6532
6533
6537
6539
6546
6555
6556
6560
6563
6564
6565
6568
6570
6577
6578
6580
6581
6590
6595
6599
6605
6607
6608
6612
6616
6618
6621
6623
6624
6625
6626
6628
6629
6630
6631
6632
6633
6635
6637
6642
6644
6649
6650
6656
6657
6661
6662
6666
6668
6669
6674
6675
6676
6677
6678
6687
6688
6689
6690
6693
6695
6696
6699
6701
6703
6706
6707
6708
6710
6713
6714
6716
6718
6720
6726
6729
6731
6737
6739
6740
6741
6742
6747
6754
6755
6757
6758
6761
6764
6765
6773
6774
6775
6777
6779
6784
6785
6786
6787
6791
6792
6799
6802
6805
6807
6810
6811
6816
6819
6824
6825
6826
6827
6831
6836
6837
6840
6841
6845
6846
6849
6852
6858
6859
6865
6869
6870
6872
6876
6880
6882
6884
6885
6886
6890
6891
6893
6895
6896
6897
6898
6900
6902
6906
6911
6917
6919
6924
6929
6934
6935
6936
6937
6938
6942
6943
6944
6950
6952
6954
6955
6956
6961
6962
6963
6967
6968
6969
6970
6972
6976
6982
6984
6985
6987
6989
6991
6994
6997
7003
7005
7008
7011
7015
7017
7018
7020
7022
7023
7025
7031
7032
7037
7038
7039
7041
7043
7044
7045
7048
7050
7051
7052
7059
7062
7063
7066
7068
7070
7075
7077
7078
7084
7085
7087
7088
7097
7099
7100
7106
7107
7115
7117
7118
7121
7124
7129
7133
7135
7136
7139
7140
7144
7146
7147
7148
7159
7161
7167
7168
7170
7171
7174
7175
7184
7188
7189
7196
7197
7199
7200
7204
7206
7208
7209
7218
7223
7227
7237
7238
7240
7241
7243
7244
7249
7256
7257
7258
7261
7264
7266
7269
7272
7274
7276
7280
7281
7282
7284
7286
7288
7290
7292
7295
7298
7300
7304
7307
7308
7313
7314
7315
7316
7319
7320
7323
7324
7327
7329
7331
7335
7338
7339
7341
7347
7349
7355
7358
7361
7365
7366
7368
7369
7370
7373
7375
7378
7380
7382
7384
7385
7387
7390
7393
7397
7398
7399
7400
7401
7402
7403
7404
7405
7408
7409
7411
7414
7417
7419
7424
7427
7430
7431
7433
7434
7436
7437
7438
7439
7440
7443
7444
7445
7448
7452
7454
7457
7459
7460
7465
7466
7468
7471
7475
7479
7480
7482
7483
7490
7492
7497
7501
7502
7504
7506
7508
7512
7516
7529
7530
7536
7537
7540
7542
7550
7551
7552
7553
7561
7563
7569
7570
7578
7579
7580
7581
7586
7587
7588
7592
7594
7596
7597
7599
7603
7608
7610
7613
7614
7619
7620
7622
7625
7632
7633
7636
7637
7641
7642
7650
7652
7662
7663
7666
7672
7673
7674
7676
7677
7680
7681
7682
7683
7688
7689
7690
7691
7694
7695
7696
7698
7704
7706
7708
7714
7717
7722
7725
7728
7730
7731
7733
7735
7738
7739
7740
7742
7743
7748
7749
7750
7754
7757
7758
7759
7763
7769
7773
7776
7778
7779
7782
7784
7786
7788
7793
7795
7796
7797
7798
7801
7803
7806
7809
7820
7825
7827
7832
7834
7835
7836
7840
7841
7845
7849
7850
7852
7859
7861
7864
7865
7868
7871
7873
7874
7878
7879
7880
7881
7883
7884
7887
7888
7890
7891
7893
7894
7898
7899
7903
7905
7912
7914
7916
7923
7924
7927
7930
7933
7934
7935
7941
7943
7944
7948
7951
7953
7955
7956
7958
7960
7961
7963
7966
7970
7973
7974
7979
7984
7987
7988
7989
7990
7992
7994
7997
8001
8003
8008
8011
8014
8015
8016
8018
8020
8023
8026
8032
8036
8037
8040
8041
8042
8044
8047
8050
8052
8055
8056
8058
8059
8060
8061
8063
8064
8071
8075
8077
8078
8080
8081
8082
8083
8087
8090
8094
8096
8097
8098
8101
8104
8105
8107
8110
8112
8113
8114
8117
8118
8120
8122
8124
8126
8130
8132
8135
8139
8144
8147
8149
8156
8165
8166
8167
8168
8170
8172
8173
8176
8178
8179
8186
8187
8195
8197
8200
8207
8208
8217
8218
8219
8220
8224
8228
8229
8231
8234
8237
8241
8242
8245
8247
8248
8257
8259
8262
8263
8264
8267
8269
8270
8271
8272
8274
8275
8283
8286
8287
8290
8298
8300
8309
8310
8311
8313
8314
8317
8319
8324
8325
8328
8329
8333
8335
8337
8341
8342
8345
8346
8348
8355
8362
8363
8364
8365
8366
8368
8370
8373
8375
8380
8384
8388
8392
8395
8396
8397
8401
8403
8408
8409
8411
8413
8415
8418
8421
8422
8423
8428
8431
8435
8445
8448
8449
8451
8452
8454
8457
8458
8460
8463
8465
8466
8469
8473
8474
8479
8480
8485
8487
8495
8496
8497
8498
8499
8500
8501
8509
8513
8515
8519
8520
8525
8527
8532
8534
8536
8538
8541
8542
8546
8549
8551
8552
8553
8554
8557
8560
8563
8565
8567
8571
8573
8574
8576
8582
8585
8588
8590
8592
8597
8598
8603
8605
8613
8616
8634
8639
8643
8644
8646
8647
8650
8652
8660
8661
8664
8669
8671
8677
8679
8681
8682
8686
8688
8693
8694
8695
8698
8701
8703
8705
8706
8709
8710
8713
8714
8715
8716
8717
8719
8724
8725
8728
8732
8733
8735
8737
8739
8742
8743
8749
8750
8756
8758
8761
8762
8765
8769
8774
8775
8777
8778
8779
8781
8782
8786
8787
8789
8791
8793
8795
8801
8803
8805
8806
8808
8809
8811
8812
8814
8821
8825
8826
8831
8833
8834
8836
8842
8844
8846
8847
8848
8852
8853
8854
8855
8863
8866
8867
8869
8870
8871
8873
8875
8878
8881
8882
8884
8891
8893
8894
8898
8899
8902
8910
8911
8914
8916
8917
8918
8919
8920
8924
8927
8929
8936
8941
8947
8949
8950
8955
8956
8958
8959
8961
8966
8967
8972
8973
8974
8977
8978
8980
8981
8982
8984
8988
8990
8991
8992
8993
8997
8999
9001
9006
9007
9008
9013
9015
9017
9018
9020
9025
9028
9032
9033
9034
9035
9041
9043
9044
9052
9053
9054
9056
9058
9060
9061
9063
9076
9078
9080
9082
9084
9085
9088
9089
9093
9098
9100
9103
9105
9106
9111
9112
9115
9116
9117
9118
9121
9125
9126
9128
9135
9137
9138
9142
9146
9148
9155
9156
9157
9158
9168
9169
9170
9176
9179
9181
9188
9189
9191
9196
9197
9199
9200
9201
9206
9210
9214
9215
9224
9226
9228
9231
9233
9236
9237
9238
9239
9241
9242
9247
9248
9249
9251
9257
9261
9262
9266
9267
9268
9271
9273
9274
9280
9287
9290
9292
9294
9296
9297
9299
9300
9305
9308
9315
9318
9324
9327
9328
9329
9332
9335
9336
9337
9340
9342
9343
9346
9347
9349
9350
9352
9354
9355
9359
9364
9365
9366
9369
9370
9373
9374
9388
9391
9398
9401
9404
9416
9417
9418
9419
9420
9424
9426
9428
9432
9434
9436
9439
9442
9447
9453
9457
9462
9464
9466
9473
9477
9481
9482
9483
9484
9488
9492
9495
9496
9497
9499
9500
9503
9504
9507
9511
9513
9518
9527
9528
9531
9532
9537
9540
9541
9543
9547
9558
9559
9560
9564
9565
9568
9571
9579
9580
9582
9583
9586
9592
9593
9600
9604
9606
9617
9618
9620
9622
9623
9629
9630
9633
9636
9642
9643
9645
9648
9649
9662
9664
9667
9668
9669
9672
9674
9676
9677
9680
9681
9684
9685
9687
9691
9693
9694
9696
9697
9698
9702
9704
9705
9707
9708
9711
9718
9719
9720
9722
9723
9724
9726
9732
9733
9736
9738
9739
9740
9743
9747
9752
9760
9761
9764
9767
9768
9773
9776
9783
9785
9786
9789
9791
9795
9796
9797
9799
9801
9802
9804
9808
9810
9814
9817
9818
9822
9824
9826
9827
9828
9829
9832
9836
9840
9842
9845
9850
9851
9854
9861
9863
9865
9871
9873
9874
9877
9878
9879
9880
9883
9884
9885
9889
9890
9897
9899
9901
9902
9903
9905
9913
9915
9916
9917
9920
9925
9929
9930
9931
9932
9933
9935
9938
9940
9942
9953
9967
9968
9969
9970
9973
9974
9975
9976
9978
9979
9985
9987
9990
9991
9992
9993
9995
9996
9997

3634 numbers missing
