38889
50001
50000
50000
50000
50000
50000
50000
50000
50000
50000
61111
61112
61111
61111
61111
61111
61111
61111
61111
50000
61111
61111
61112
61111
61111
61111
61111
61111
61111
50000
61111
61111
61111
61112
61111
61111
61111
61111
61111
50000
61111
61111
61111
61111
61112
61111
61111
61111
61111
50000
61111
61111
61111
61111
61111
61112
61111
61111
61111
50000
61111
61111
61111
61111
61111
61111
61112
61111
61111
50000
61111
61111
61111
61111
61111
61111
61111
61112
61111
50000
61111
61111
61111
61111
61111
61111
61111
61111
61112
50000
61111
61111
61111
61111
61111
61111
61111
61111
61111
