8.612252	10
16.656187	20
23.903263	30
33.570774	40
42.144226	50
49.837234	60
59.60644	70
68.0112	80
75.43509	90
85.96281	100
93.92687	110
101.52951	120
111.10866	130
120.82203	140
127.65489	150
137.4336	160
146.37308	170
153.2731	180
163.29979	190
172.03394	200
180.22742	210
190.04109	220
199.31296	230
206.4059	240
214.87491	250
223.53336	260
232.38011	270
241.41405	280
250.40422	290
261.6408	300
269.17328	310
277.81375	320
287.32407	330
295.6692	340
303.53586	350
310.92957	360
322.98117	370
332.53772	380
340.2911	390
346.25732	400
354.85287	410
364.08102	420
374.59247	430
383.32446	440
394.42273	450
402.66736	460
410.67545	470
419.52725	480
430.0769	490
436.52048	500
444.23782	510
453.22113	520
463.2488	530
472.40048	540
481.10693	550
488.3128	560
496.98557	570
506.69482	580
513.6467	590
525.4187	600
534.2275	610
543.6466	620
551.377	630
561.1786	640
569.50476	650
580.5153	660
587.35876	670
596.05524	680
605.56335	690
615.8788	700
626.9973	710
632.7535	720
640.7612	730
652.8538	740
658.3792	750
668.3933	760
675.1279	770
683.4846	780
695.08325	790
703.2096	800
712.13635	810
720.2407	820
726.9191	830
737.63055	840
747.5182	850
757.7938	860
766.64667	870
773.8813	880
782.31226	890
790.3324	900
800.9451	910
811.3426	920
820.3283	930
831.69476	940
840.4571	950
846.62463	960
854.7739	970
862.7163	980
873.2275	990
882.14124	1000
891.8361	1010
901.12445	1020
911.7832	1030
918.8815	1040
928.3367	1050
939.55096	1060
948.98334	1070
956.8359	1080
963.1128	1090
971.9324	1100
981.526	1110
989.5455	1120
999.12054	1130
1007.9052	1140
1016.0969	1150
1025.2552	1160
1031.2911	1170
1040.4349	1180
1049.9587	1190
1059.8613	1200
1067.4271	1210
1074.7935	1220
1086.4137	1230
1095.3135	1240
1102.8529	1250
1111.9315	1260
1118.88	1270
1130.0652	1280
1140.4684	1290
1149.13	1300
1157.0157	1310
1168.5454	1320
1177.1848	1330
1187.735	1340
1196.3595	1350
1206.126	1360
1213.589	1370
1224.4875	1380
1232.5116	1390
1244.919	1400
1256.3602	1410
1261.6958	1420
1271.2177	1430
1278.6394	1440
1287.958	1450
1297.6493	1460
1305.0552	1470
1315.6816	1480
1323.8351	1490
1330.089	1500
1338.4225	1510
1347.6968	1520
1356.208	1530
1365.0917	1540
1373.0251	1550
1382.6521	1560
1390.0093	1570
1401.5085	1580
1411.1151	1590
1419.3978	1600
1430.6842	1610
1438.0155	1620
1445.9064	1630
1455.1068	1640
1463.3632	1650
1474.0518	1660
1484.9197	1670
1496.7153	1680
1505.6959	1690
1515.045	1700
1521.9596	1710
1531.8584	1720
1538.2051	1730
1546.0415	1740
1554.9924	1750
1566.7323	1760
1573.8093	1770
1584.0464	1780
1589.6274	1790
1597.2516	1800
1606.1729	1810
1616.3887	1820
1623.0719	1830
1631.793	1840
1641.8071	1850
1650.1473	1860
1659.224	1870
1669.7765	1880
1677.5475	1890
1688.0881	1900
1697.3287	1910
1708.5955	1920
1716.7175	1930
1727.7867	1940
1736.2683	1950
1744.5615	1960
1753.7714	1970
1762.7924	1980
1774.3838	1990
1781.0043	2000
1789.0922	2010
1797.9114	2020
1806.7262	2030
1817.1881	2040
1827.0939	2050
1834.428	2060
1842.4921	2070
1850.1863	2080
1858.4264	2090
1865.7479	2100
1876.1761	2110
1884.4049	2120
1895.371	2130
1905.6	2140
1919.2911	2150
1929.3252	2160
1939.5363	2170
1948.4663	2180
1957.5747	2190
1967.0428	2200
1971.9572	2210
1980.5088	2220
1992.1477	2230
2000.6907	2240
2009.5933	2250
2018.6737	2260
2025.9349	2270
2033.0122	2280
2043.17	2290
2051.8728	2300
2059.666	2310
2069.4485	2320
2082.304	2330
2089.3618	2340
2100.7583	2350
2108.5332	2360
2116.1245	2370
2125.339	2380
2135.0913	2390
2144.6587	2400
2154.402	2410
2160.8953	2420
2168.4683	2430
2177.8408	2440
2185.9485	2450
2195.1333	2460
2203.7744	2470
2211.333	2480
2220.8672	2490
2227.8804	2500
2239.9236	2510
2249.0867	2520
2258.0664	2530
2265.6067	2540
2273.6826	2550
2284.9844	2560
2292.6953	2570
2298.9697	2580
2308.2883	2590
2318.857	2600
2330.1372	2610
2340.3381	2620
2346.421	2630
2356.6152	2640
2364.1238	2650
2371.4517	2660
2380.2063	2670
2387.7075	2680
2394.6711	2690
2404.6667	2700
2416.442	2710
2425.715	2720
2438.3716	2730
2447.993	2740
2457.7888	2750
2466.6912	2760
2477.3694	2770
2485.0195	2780
2495.6902	2790
2503.5127	2800
2510.6216	2810
2522.3474	2820
2530.3394	2830
2539.749	2840
2549.8645	2850
2557.4934	2860
2567.425	2870
2575.5806	2880
2583.9106	2890
2592.9465	2900
2601.6255	2910
2613.6648	2920
2620.5674	2930
2628.5295	2940
2636.4897	2950
2644.9778	2960
2652.9329	2970
2664.773	2980
2675.195	2990
2685.7898	3000
2694.7922	3010
2707.1436	3020
2713.8464	3030
2719.137	3040
2729.715	3050
2738.8796	3060
2747.6887	3070
2759.3127	3080
2769.8757	3090
2778.3235	3100
2785.3616	3110
2791.5183	3120
2798.553	3130
2808.047	3140
2816.4836	3150
2827.5532	3160
2837.0378	3170
2844.4126	3180
2854.2432	3190
2861.2627	3200
2872.6665	3210
2881.26	3220
2894.2334	3230
2903.1714	3240
2915.2593	3250
2922.0898	3260
2931.1948	3270
2939.9468	3280
2951.1458	3290
2959.0176	3300
2970.3845	3310
2980.3489	3320
2986.2913	3330
2996.0757	3340
3005.5078	3350
3013.5408	3360
3020.175	3370
3028.7273	3380
3042.1626	3390
3050.0117	3400
3060.4739	3410
3068.8416	3420
3082.4338	3430
3090.2732	3440
3098.633	3450
3107.1646	3460
3115.52	3470
3121.6113	3480
3131.0068	3490
3137.7908	3500
3147.182	3510
3157.0913	3520
3166.477	3530
3173.775	3540
3181.5923	3550
3190.1025	3560
3201.5623	3570
3208.8525	3580
3218.05	3590
3224.9897	3600
3233.6626	3610
3240.9463	3620
3249.2683	3630
3261.2278	3640
3272.1436	3650
3281.151	3660
3287.732	3670
3298.1199	3680
3305.0437	3690
3314.7346	3700
3322.52	3710
3331.86	3720
3341.7166	3730
3352.2615	3740
3358.829	3750
3370.233	3760
3379.7334	3770
3389.0583	3780
3396.3096	3790
3410.6353	3800
3419.6074	3810
3428.7498	3820
3436.6826	3830
3445.304	3840
3455.3013	3850
3464.435	3860
3474.2551	3870
3482.006	3880
3490.961	3890
3498.7085	3900
3506.9705	3910
3512.9941	3920
3522.4575	3930
3533.8103	3940
3544.128	3950
3551.6926	3960
3561.1462	3970
3566.8171	3980
3574.5493	3990
3587.4321	4000
3599.2808	4010
3607.521	4020
3619.1917	4030
3627.5994	4040
3635.3188	4050
3650.068	4060
3658.2974	4070
3664.64	4080
3673.8945	4090
3682.4614	4100
3692.7395	4110
3700.6177	4120
3708.6653	4130
3716.8826	4140
3725.098	4150
3735.5361	4160
3746.3137	4170
3755.0361	4180
3762.5603	4190
3772.305	4200
3782.218	4210
3789.224	4220
3798.9626	4230
3811.7722	4240
3820.1394	4250
3829.3584	4260
3841.988	4270
3848.8132	4280
3857.8552	4290
3867.0657	4300
3875.7622	4310
3882.0706	4320
3893.1504	4330
3903.3752	4340
3911.5537	4350
3917.175	4360
3928.416	4370
3936.5894	4380
3943.7395	4390
3951.5696	4400
3961.27	4410
3969.437	4420
3977.6023	4430
3984.2356	4440
3992.7383	4450
4002.9395	4460
4008.5488	4470
4016.877	4480
4026.3926	4490
4034.7173	4500
4046.437	4510
4057.474	4520
4068.6785	4530
4079.5403	4540
4086.4976	4550
4096.846	4560
4109.567	4570
4116.689	4580
4123.8096	4590
4132.285	4600
4138.895	4610
4153.298	4620
4160.7515	4630
4169.559	4640
4178.026	4650
4186.6606	4660
4195.9707	4670
4206.4634	4680
4215.262	4690
4225.9194	4700
4234.038	4710
4245.0293	4720
4254.158	4730
4263.962	4740
4272.073	4750
4282.718	4760
4292.853	4770
4301.2974	4780
4310.584	4790
4322.2324	4800
4330.8403	4810
4338.7715	4820
4347.545	4830
4354.63	4840
4368.291	4850
4378.9136	4860
4387.5107	4870
4395.6016	4880
4404.196	4890
4413.294	4900
4421.8853	4910
4429.2964	4920
4437.885	4930
4447.9873	4940
4457.245	4950
4468.1846	4960
4478.281	4970
4487.533	4980
4494.934	4990
4504.52	5000
4514.7764	5010
4521.837	5020
4529.4004	5030
4539.988	5040
4547.549	5050
4554.941	5060
4565.691	5070
4573.5835	5080
4582.3145	5090
4592.8906	5100
4600.78	5110
4608.835	5120
4617.5596	5130
4626.954	5140
4633.496	5150
4644.0615	5160
4652.7803	5170
4663.3413	5180
4670.884	5190
4684.29	5200
4693.84	5210
4702.5503	5220
4714.1064	5230
4721.976	5240
4732.5234	5250
4740.2227	5260
4745.746	5270
4754.615	5280
4762.144	5290
4772.181	5300
4780.21	5310
4789.4077	5320
4799.272	5330
4808.467	5340
4818.829	5350
4830.5264	5360
4837.0425	5370
4847.9004	5380
4856.5854	5390
4865.436	5400
4873.617	5410
4881.9644	5420
4891.478	5430
4899.4883	5440
4908.999	5450
4921.6772	5460
4927.0146	5470
4937.5215	5480
4946.525	5490
4955.028	5500
4965.6953	5510
4978.027	5520
4986.1914	5530
4992.522	5540
5000.684	5550
5008.012	5560
5018.17	5570
5028.659	5580
5037.4814	5590
5047.468	5600
5056.9526	5610
5066.9355	5620
5076.916	5630
5089.057	5640
5094.877	5650
5104.853	5660
5109.508	5670
5117.8193	5680
5129.2866	5690
5136.93	5700
5146.899	5710
5157.862	5720
5163.841	5730
5171.812	5740
5181.1104	5750
5189.245	5760
5197.5444	5770
5204.183	5780
5213.1445	5790
5220.943	5800
5228.574	5810
5237.3657	5820
5248.975	5830
5259.256	5840
5266.2188	5850
5274.6733	5860
5283.6235	5870
5293.0693	5880
5302.017	5890
5307.65	5900
5319.411	5910
5325.539	5920
5337.793	5930
5346.8994	5940
5361.632	5950
5368.0864	5960
5375.2026	5970
5382.4834	5980
5390.0938	5990
5400.515	6000
5407.462	6010
5416.888	6020
5425.3213	6030
5432.595	6040
5444.1665	6050
5455.9004	6060
5463.9976	6070
5474.241	6080
5482.666	6090
5494.5576	6100
5504.9614	6110
5512.8867	6120
5520.481	6130
5529.3945	6140
5539.627	6150
5550.023	6160
5563.5513	6170
5572.459	6180
5580.87	6190
5588.1265	6200
5595.217	6210
5607.087	6220
5616.977	6230
5624.3936	6240
5634.116	6250
5643.5083	6260
5656.3574	6270
5663.769	6280
5672.333	6290
5682.213	6300
5692.9146	6310
5699.993	6320
5711.3496	6330
5724.021	6340
5731.0957	6350
5738.9927	6360
5746.8887	6370
5754.1255	6380
5760.0464	6390
5767.4463	6400
5777.3115	6410
5788.654	6420
5798.6807	6430
5809.363	6440
5820.3716	6450
5832.529	6460
5840.0845	6470
5852.8945	6480
5860.1196	6490
5870.4634	6500
5877.3584	6510
5887.207	6520
5896.562	6530
5906.079	6540
5912.97	6550
5920.845	6560
5927.735	6570
5936.4277	6580
5945.9395	6590
5955.7783	6600
5966.927	6610
5978.2373	6620
5988.2344	6630
5995.9365	6640
6006.423	6650
6016.2524	6660
6024.6064	6670
6033.287	6680
6041.8027	6690
6048.189	6700
6059.486	6710
6066.3613	6720
6074.054	6730
6082.565	6740
6091.729	6750
6100.2373	6760
6107.927	6770
6118.232	6780
6128.536	6790
6141.455	6800
6151.1016	6810
6159.929	6820
6169.41	6830
6178.0723	6840
6186.0796	6850
6197.844	6860
6208.4634	6870
6214.3438	6880
6225.777	6890
6233.1255	6900
6249.29	6910
6259.9014	6920
6268.716	6930
6277.692	6940
6285.851	6950
6292.704	6960
6300.6987	6970
6311.302	6980
6319.2944	6990
6328.1016	7000
6339.1895	7010
6347.994	7020
6354.515	7030
6363.318	7040
6373.097	7050
6382.7124	7060
6387.763	7070
6394.6064	7080
6404.382	7090
6414.1553	7100
6424.742	7110
6432.0703	7120
6440.05	7130
6446.3994	7140
6456.1675	7150
6465.283	7160
6476.676	7170
6487.742	7180
6494.5757	7190
6504.5	7200
6512.634	7210
6519.9536	7220
6529.2236	7230
6543.534	7240
6552.8013	7250
6561.9053	7260
6568.732	7270
6577.509	7280
6588.7217	7290
6597.984	7300
6608.2188	7310
6616.1787	7320
6624.3003	7330
6633.558	7340
6642.4897	7350
6649.7964	7360
6659.5376	7370
6668.6284	7380
6675.6074	7390
6687.78	7400
6698.3276	7410
6706.2783	7420
6713.9033	7430
6724.61	7440
6731.584	7450
6738.8823	7460
6747.9634	7470
6760.7725	7480
6769.041	7490
6779.253	7500
6787.0327	7510
6798.216	7520
6806.3174	7530
6816.525	7540
6825.759	7550
6835.964	7560
6845.3574	7570
6855.884	7580
6864.627	7590
6871.9126	7600
6882.112	7610
6888.101	7620
6895.385	7630
6902.02	7640
6911.406	7650
6922.5703	7660
6932.6	7670
6940.0415	7680
6949.5845	7690
6963.1694	7700
6970.6074	7710
6980.7935	7720
6989.362	7730
6997.282	7740
7010.374	7750
7019.9087	7760
7028.1494	7770
7037.0356	7780
7048.182	7790
7055.451	7800
7061.75	7810
7073.217	7820
7081.1284	7830
7090.1704	7840
7100.019	7850
7107.2827	7860
7115.8374	7870
7127.4575	7880
7136.8164	7890
7143.5938	7900
7151.338	7910
7160.533	7920
7168.5986	7930
7174.8887	7940
7184.7266	7950
7194.8853	7960
7204.0757	7970
7212.6206	7980
7222.2925	7990
7231.157	8000
7241.6333	8010
7248.0786	8020
7258.5527	8030
7264.997	8040
7274.663	8050
7285.133	8060
7292.381	8070
7299.789	8080
7310.256	8090
7319.1113	8100
7331.669	8110
7342.132	8120
7349.375	8130
7359.9966	8140
7365.7896	8150
7376.8916	8160
7385.74	8170
7397.805	8180
7407.295	8190
7418.5522	8200
7426.1104	8210
7433.9893	8220
7443.4746	8230
7450.227	8240
7461.318	8250
7469.515	8260
7481.7285	8270
7490.8877	8280
7498.439	8290
7507.7573	8300
7517.8774	8310
7526.3896	8320
7536.9897	8330
7544.216	8340
7555.295	8350
7563.6436	8360
7577.93	8370
7584.8325	8380
7592.376	8390
7598.795	8400
7607.3	8410
7616.125	8420
7628.6387	8430
7638.103	8440
7648.689	8450
7658.7925	8460
7667.1313	8470
7675.149	8480
7687.173	8490
7693.586	8500
7700.6387	8510
7707.05	8520
7717.628	8530
7726.2812	8540
7735.7354	8550
7750.1543	8560
7762.329	8570
7773.2207	8580
7782.8296	8590
7793.558	8600
7799.323	8610
7809.7295	8620
7816.4536	8630
7826.218	8640
7834.861	8650
7843.9834	8660
7851.665	8670
7859.665	8680
7870.225	8690
7877.4243	8700
7886.542	8710
7891.9805	8720
7901.4175	8730
7908.614	8740
7919.3276	8750
7927.962	8760
7938.8335	8770
7946.187	8780
7957.2163	8790
7967.6055	8800
7979.111	8810
7984.864	8820
7993.6514	8830
8002.279	8840
8011.704	8850
8023.2046	8860
8033.9053	8870
8044.445	8880
8051.95	8890
8063.126	8900
8068.714	8910
8078.2915	8920
8083.7188	8930
8094.572	8940
8102.711	8950
8109.413	8960
8117.0723	8970
8125.2095	8980
8135.7393	8990
8143.396	9000
8151.5312	9010
8159.665	9020
8168.756	9030
8177.5264	9040
8191.876	9050
8201.761	9060
8208.615	9070
8217.7	9080
8229.017	9090
8236.666	9100
8244.475	9110
8253.397	9120
8263.594	9130
8272.037	9140
8280.798	9150
8290.195	9160
8297.362	9170
8306.917	9180
8313.764	9190
8323.636	9200
8331.437	9210
8338.919	9220
8350.062	9230
8358.02	9240
8365.817	9250
8375.844	9260
8385.868	9270
8394.459	9280
8404.8	9290
8414.345	9300
8426.273	9310
8431.681	9320
8442.177	9330
8449.332	9340
8461.098	9350
8471.749	9360
8481.764	9370
8491.301	9380
8499.247	9390
8512.279	9400
8517.84	9410
8528.009	9420
8541.354	9430
8552.314	9440
8559.779	9450
8567.403	9460
8577.885	9470
8585.666	9480
8596.462	9490
8602.337	9500
8610.751	9510
8617.577	9520
8627.101	9530
8638.052	9540
8648.525	9550
8657.57	9560
8664.71	9570
8673.119	9580
8683.59	9590
