dDistance values
max = 52.062702
min = 5.42546E-4

3.2102451
2.0189292
32.264336
8.530774
11.771758
11.44537
8.571484
7.3106036
9.245722
9.50196
2.2018106
4.6086264
1.035508
1.3795052
0.32435775
4.4819336
5.930685
10.39144
1.50762
6.28
12.379362
0.8052309
6.180778
14.210039
9.763675
8.528784
3.345077
1.0247527
12.765032
7.5541396
18.317516
16.721025
1.7107189
3.8579473
11.685504
1.4086635
0.87856215
6.860624
4.1338196
2.2020912
0.4495807
1.206835
1.617097
0.90334105
4.067737
4.9209557
0.62550193
4.549672
3.1939669
15.36448
7.6967397
5.721114
9.570521
2.8311675
19.989433
2.7792377
10.611578
25.397657
4.8089046
8.913553
8.27501
9.828991
0.014708416
1.0797808
0.59260446
0.3966528
3.5590515
1.2908418
0.22595039
2.1807907
14.597775
0.87989676
3.9549224
2.9618516
15.2620535
5.5107718
31.544651
6.268936
1.1629657
2.9363127
1.4325786
9.354372
18.616096
10.295831
1.1046726
4.387186
8.142494
6.378275
0.24261788
3.4507806
7.6831236
15.187541
16.695208
1.02165
10.2275715
7.220031
0.44544968
0.23092568
4.7047257
0.2566539
5.8502984
7.491548
0.046948314
0.28528407
0.1254582
11.391468
0.3555372
0.5590479
8.884209
6.3876534
1.8055416
6.97017
4.9533377
6.576146
1.534684
4.666481
3.9953494
10.780898
0.39850497
11.40421
2.4379568
8.154165
20.522423
10.411713
1.4222438
16.376734
10.482481
0.4421743
2.8116632
5.265429
2.1941829
0.83707064
7.8502035
18.555344
10.939184
0.99640805
5.2357683
1.4074769
9.13301
9.938941
13.380505
5.2380843
2.8020887
6.5724897
0.9378816
4.038606
10.593465
2.6427724
2.3484485
11.846042
0.62434614
0.64834905
11.711617
12.577598
0.0678751
5.077431
4.2006
8.230458
12.038744
4.1372285
19.353727
0.5609892
2.192915
12.541481
9.210215
0.62123936
15.883725
16.972176
2.8067276
0.66856575
10.513563
0.9533309
32.701035
0.5768739
16.08021
16.137726
2.3512194
2.4674602
12.413629
12.461161
16.394192
5.7318606
20.649197
4.7455316
0.03769818
6.709124
0.6050612
1.9045705
3.9834306
3.040088
6.6341395
1.821566
5.272678
2.8252032
13.406539
17.601242
8.988229
0.28402874
15.763102
3.5557766
6.9328923
1.6051219
5.21413
2.8517606
9.507749
9.175775
6.6086493
4.435668
5.457554
4.270147
0.9125688
18.71764
0.49720198
3.1371126
0.51094306
7.2497625
14.423281
1.4055641
7.7254143
2.8701148
0.82119477
1.7175288
15.771453
3.9742007
0.63396794
19.781815
1.1806002
10.204975
3.9135053
5.687545
0.47699463
5.9812884
4.7053866
5.198591
13.126208
8.648424
1.8454468
2.940428
0.5711131
15.261774
0.5815776
21.222649
6.217304
4.867658
3.7202592
9.401564
0.7321442
0.4860199
17.318998
3.2484198
12.204774
0.12913065
8.680644
3.8322732
5.581139
5.099072
6.570229
6.962737
22.100014
2.9966218
1.3122541
14.321252
9.908478
4.5990076
2.9892156
14.655928
3.253983
3.050848
2.38864
0.6836219
13.243331
22.511927
4.025837
0.45968795
13.168703
3.889704
12.652231
2.6591141
24.554783
3.0832474
0.3399703
0.20669241
10.026996
7.481074
6.564459
20.844736
18.710623
3.637567
2.8680708
1.5345334
13.581333
1.2671907
1.6167954
16.935818
9.766599
5.2971854
2.33231
2.6062012
0.22525151
6.6049542
2.769778
3.3467124
0.103112385
0.15919217
2.9541836
1.2609881
7.908096
5.733839
6.9497256
22.678537
0.7505856
1.2633395
15.401767
1.4486393
9.051019
0.90788305
10.316259
0.17081235
3.4162996
8.416885
8.839138
0.59947616
0.99584574
3.4728777
2.991768
12.748837
16.480019
4.3901606
10.507227
3.0172503
12.007074
1.1860486
5.774982
1.3544792
8.615452
0.35122582
0.34610677
1.724675
0.41658592
4.1910005
2.3105683
2.100634
12.689924
1.968771
12.416654
0.40284204
4.6750956
15.385795
0.26326382
6.8155284
11.107553
12.522057
1.107797
17.011993
0.2491055
1.4081498
0.2202751
0.87275374
7.896242
1.2805291
5.421324
4.6527195
0.36301368
9.960951
11.7794895
6.2098556
6.1863203
13.162808
5.9065413
0.4613155
22.692055
7.6296167
29.050043
5.7768335
0.88215584
10.96728
8.853562
9.075682
6.0124726
8.877003
4.449294
4.091948
2.1171799
0.048709363
0.62060434
0.28312013
15.513536
25.40322
1.4958112
2.5277262
7.044301
0.35169584
14.407021
1.7551523
3.825933
6.6733146
2.9759884
1.1649002
11.915787
3.5185435
14.315596
0.65404755
0.29990086
2.0934317
1.4089104
2.581846
0.44945002
0.48310238
0.035610527
10.023784
10.8985195
1.5456791
21.945358
5.6127863
15.438411
11.5505495
16.339996
16.979578
2.054343
0.48396838
6.2046623
13.445962
2.639973
0.3273299
4.7616653
6.9022017
3.2842786
1.5795671
3.4970586
4.370768
0.5962527
5.9790864
13.376784
0.70269996
11.740912
1.7811475
2.2067957
4.5558505
7.5733385
8.446796
27.658916
7.1715083
3.052588
2.6852598
2.0981019
22.657396
0.5069002
9.359204
8.402695
15.944181
1.9155335
2.373975
7.6254606
1.0983222
4.7031884
2.3836598
8.1939125
4.22637
6.075068
4.5252733
2.1473467
2.8260825
1.2818296
3.0631812
13.874897
2.6811538
20.237196
0.37555745
0.359929
7.756426
11.982826
8.322946
10.187102
17.923883
3.2278876
12.123506
28.07453
5.9335256
13.959752
8.163235
18.316713
5.3691893
16.754787
1.5400374
10.3438425
1.4742786
0.24998233
13.558878
6.5947247
4.3003173
5.853921
3.9675057
6.944202
17.345718
13.851571
5.07951
5.651386
1.8058257
0.55496883
5.7712336
9.031942
1.0580612
3.8403113
4.845426
3.6609232
9.967708
1.1708521
1.4650804
10.354864
1.3513238
2.2726452
1.5161543
0.3484755
8.317592
0.48972848
12.927083
4.8891196
7.4847627
0.1253808
2.693849
3.8823903
21.540323
2.3305647
3.389642
5.3757215
1.1313773
4.308381
2.3873205
4.275775
2.453478
1.9987684
3.9869225
0.27266747
1.2639682
1.5891337
6.386039
4.1684833
10.508815
5.49379
0.3159062
0.7454171
2.6464996
2.144915
4.323442
6.92307
0.39235473
14.806364
7.6595345
3.729258
2.031671
5.345472
30.639242
3.3191009
8.232071
0.8493222
6.854863
2.4045148
1.3533095
1.1368679
2.2115436
0.82839286
1.5833997
1.2210908
6.9925504
1.410951
13.770241
16.024197
7.6259584
0.20987067
0.24186751
3.4146457
0.54886115
0.8307142
0.79562163
1.5154498
0.96415037
0.39833415
2.7995522
15.458473
1.4705735
0.4587609
10.219736
3.7826958
9.811856
1.0546509
1.4417284
1.6013557
0.1397936
4.8182416
1.6892782
4.1056542
5.0123334
9.771978
0.091303036
0.19618396
0.09696191
0.46703738
26.331203
6.229467
3.997242
4.0064793
1.301883
3.5644825
6.9861956
2.1706102
10.341855
17.951517
2.3254676
0.3247765
11.3602085
2.2898927
25.361576
52.062702
14.74403
4.394176
27.831429
0.31079087
22.385027
7.97128
2.1224256
8.951897
11.2600155
6.830845
2.3325167
0.31563395
14.246341
4.9980793
2.7936902
3.2455232
1.9256403
5.0858383
8.613741
14.901036
4.2035537
3.955268
13.491596
0.34975123
7.0596647
0.7613184
4.3487973
3.2468314
7.2063036
0.63088363
2.3334157
3.8331485
1.0741858
3.8285797
5.353352
6.2258725
0.8302602
0.6596742
1.4127685
4.6278934
0.24240415
14.269926
5.5396442
11.368422
0.5780807
7.4200697
1.1690784
7.0364246
2.952832
13.072777
7.5595436
8.300246
9.594386
5.5128784
3.6804447
9.156489
14.335202
6.254302
0.675369
15.630549
3.3664885
2.3374832
6.94165
11.85128
7.350433
0.9992826
8.550298
21.053823
6.9495673
4.5211754
11.325025
6.4735746
16.652233
7.0451083
1.309598
11.950617
1.5491923
6.1138563
2.3996682
12.150313
2.2155187
3.7920644
0.6924106
4.6913257
0.3033731
7.4562116
1.947275
0.8423153
2.7163699
7.3990545
19.187403
11.459827
11.82702
5.9778357
6.477001
7.12474
1.0935003
25.151154
10.3634
3.9059153
8.352716
3.8972964
3.676228
3.587956
2.4900794
0.5975823
10.2569275
4.3673635
16.092985
3.2228389
4.303285
2.3870907
12.545191
1.14017
5.586009
8.693886
8.940898
4.0019345
1.4191511
16.530922
8.54964
1.5205381
25.164913
12.904674
5.265513
2.864575
3.6394362
0.07380089
2.5486948
2.4427624
0.25193444
0.54136986
2.585506
8.901641
2.0760145
3.4673223
2.2890322
5.998479
8.345907
3.0474927
5.269841
0.2706846
17.09599
1.9997197
2.2262077
14.065848
4.8581386
10.506402
2.7422912
2.3706787
5.749609
0.105907165
3.690655
2.5502484
6.8645763
12.370092
1.4240888
1.2987193
2.0365179
18.620447
1.198083
4.9822745
9.413801
11.105374
9.614655
0.14959599
9.317679
1.2639121
1.2369287
0.3014318
0.10903403
0.64751214
1.6160153
1.2317449
4.3349705
11.39919
0.423939
1.3424883
11.654977
10.270979
29.124147
9.899262
7.7538633
12.005024
6.6951537
4.267886
3.116035
7.9014707
3.9819953
2.1402125
1.7559675
0.16331187
8.906293
11.66314
1.6121674
12.534371
8.031455
13.841492
1.4500684
9.174099
2.7117157
0.3009967
14.12011
0.23405372
3.290101
2.318252
1.1218066
4.819174
5.8289485
6.8946114
8.76181
7.033539
5.722765
2.677628
1.8569891
0.004008766
5.682259
6.196566
3.4768763
0.73927015
21.25455
14.427947
3.21464
0.487938
3.9398458
1.6798552
1.552791
11.204909
5.545431
0.4930489
5.2154675
0.5944994
2.9226086
3.2376828
5.5207553
1.5305173
2.2204351
0.44465408
1.201626
5.9969387
11.67695
3.5612187
0.016996957
14.726718
2.690022
1.022242
9.76069
3.2245243
2.034404
1.1330934
2.517159
10.827193
5.435996
3.164303
13.742945
2.426818
1.4654945
0.6588608
9.036305
15.87378
1.7401285
4.142307
16.924269
1.5204277
9.745649
4.14914
1.7497858
0.77062154
0.6288909
0.7151104
9.71733
7.997834
7.372594
6.9082603
6.408745
6.6292405
7.136461
2.0071738
7.2250576
1.1400591
19.6033
6.3989267
26.481403
2.3576703
2.3633983
4.5695434
6.547527
7.117764
1.0112818
7.3643003
0.8933381
3.4398813
1.9609565
3.9660473
4.758459
7.439214
2.4395561
1.4662551
5.5889225
3.1255097
5.5794396
2.806975
3.7143178
2.7727544
8.056976
12.195497
1.2699285
6.19
1.4319112
3.114595
3.1792114
2.492538
1.0124533
1.3572494
28.385088
7.5429015
5.42546E-4
19.888311
16.594492
0.28232148
3.3415446
3.193786
6.8475103
4.3541007
3.0836267
3.3676543
5.2474027
26.181717
2.9463046
20.364151
4.263887
0.5777694
24.413826
13.770849
3.240678
6.1580806
7.3343687
1.584616
1.9425391
1.6433201
2.57203
3.1902819
4.1191964
8.684447
8.501385
10.1201315
17.715113
8.091234
33.483936
2.2303874
15.959444
12.678377
4.1302476
4.4898686
6.98282
0.9196657
9.412891
5.215677
9.625008
4.4022827
2.1837769
19.562794
2.142076
5.817608
17.075733
15.054031
4.346293
2.9664168
8.755824
0.24594437
0.12337083
0.34424853
0.6051301
4.657755
1.495695
0.847383
38.422245
33.901733
29.900019
10.367332
3.6639173
15.688477
0.8419063
6.169145
14.090968
6.6638103
5.2104807
