dIteration values
max = 148
min = 0

15
16
103
21
31
19
24
13
48
79
7
12
2
6
1
19
29
24
21
22
48
3
14
40
15
17
7
3
27
21
49
57
14
8
22
12
4
18
17
18
5
7
3
1
19
13
1
20
31
49
21
21
68
8
55
5
36
69
22
23
17
37
0
4
1
1
9
4
3
7
31
1
16
10
53
22
73
17
10
9
5
31
64
26
3
7
15
30
1
10
14
27
28
3
17
17
1
1
44
6
59
27
0
1
1
65
1
3
69
16
4
30
54
25
5
27
18
38
2
25
9
20
34
23
5
53
91
5
7
13
19
3
30
68
34
12
9
14
14
17
34
16
9
21
7
18
22
8
4
28
1
1
30
37
1
18
28
41
58
11
29
1
5
25
18
1
29
29
4
2
22
4
108
1
36
27
7
10
47
37
95
15
40
22
15
33
5
11
12
8
43
5
13
7
40
74
16
3
34
5
17
5
12
11
23
20
13
11
6
5
1
22
1
7
1
8
34
3
17
12
2
4
76
17
28
112
8
35
18
21
2
19
27
11
38
47
5
16
4
89
1
46
14
9
9
19
1
1
44
8
32
0
16
25
18
68
23
20
33
6
17
40
16
18
16
46
10
5
5
3
19
32
35
1
32
8
29
9
65
8
1
1
45
23
12
29
28
5
3
2
19
3
4
45
16
48
26
13
15
21
8
19
0
1
18
6
18
13
15
69
2
2
85
16
32
6
44
1
11
81
98
4
2
8
8
81
35
10
16
9
32
3
15
4
15
1
1
5
1
18
13
17
31
6
28
3
35
48
2
38
19
21
2
45
1
6
5
2
21
4
10
17
16
42
49
49
26
60
22
1
34
16
62
13
3
37
16
35
20
53
17
19
23
0
2
0
58
70
4
6
68
6
27
16
7
13
8
9
25
9
29
3
1
39
3
28
1
7
1
25
26
17
57
15
33
24
32
77
11
2
28
46
7
4
19
41
12
8
27
13
5
24
76
2
23
7
21
7
15
13
65
16
6
5
4
46
27
17
20
58
5
21
21
3
10
22
26
18
24
41
4
4
48
9
33
10
95
1
15
15
16
25
37
37
5
25
62
12
39
23
70
17
41
3
72
5
0
31
12
8
12
27
27
80
31
14
18
4
2
14
33
6
13
21
13
45
39
7
33
3
7
6
1
24
1
69
12
24
0
27
20
96
9
12
13
20
10
11
9
25
21
9
2
5
9
19
22
68
20
1
2
9
9
34
15
1
80
34
10
12
11
71
8
30
8
32
10
7
6
8
5
9
11
26
4
41
104
21
1
1
14
1
4
4
3
2
2
38
34
3
1
33
21
25
2
21
9
0
8
3
11
10
39
1
2
0
1
57
38
41
12
3
9
19
8
56
27
8
2
32
5
40
148
42
22
48
1
38
13
9
25
34
17
8
1
57
42
6
7
12
36
25
39
24
17
63
2
19
2
10
13
35
8
9
14
4
18
42
25
3
2
3
22
2
38
19
33
2
29
3
14
8
31
13
17
48
56
9
19
21
13
6
40
13
18
21
29
24
2
16
133
8
7
19
17
57
20
3
20
3
44
18
31
13
15
5
11
1
15
4
17
19
27
38
47
40
9
27
45
3
68
21
8
18
7
24
14
11
2
57
7
26
57
8
4
22
5
43
24
60
14
2
26
32
5
41
43
31
15
9
0
21
6
4
1
6
27
10
13
16
20
24
6
27
3
42
5
6
49
11
36
12
6
10
1
12
14
96
58
13
12
6
55
3
17
61
23
22
0
19
2
10
2
1
1
6
5
29
71
3
2
41
40
127
16
15
30
13
14
12
55
18
40
5
0
19
31
5
34
17
26
4
23
15
13
38
2
13
7
7
25
60
38
28
22
25
10
11
3
42
30
10
6
121
37
9
2
15
10
5
23
10
1
10
7
5
10
38
8
11
1
2
13
26
10
0
48
23
2
26
15
13
4
5
23
24
7
52
18
8
1
17
55
4
15
28
3
18
8
4
2
1
2
40
16
12
29
19
16
36
17
48
2
39
11
59
23
11
15
30
28
4
33
22
9
5
13
21
20
5
6
18
13
35
30
12
8
17
100
21
12
3
7
6
39
5
3
68
19
0
62
59
1
11
9
10
11
10
36
10
79
12
101
13
2
86
58
19
12
65
10
11
6
24
8
6
14
15
38
56
22
68
7
46
40
9
7
28
2
48
39
62
26
23
43
7
12
69
40
66
9
21
1
7
4
2
30
9
3
97
87
60
28
7
36
4
15
22
11
9
