dx values
max = 33.248184
min = -27.930603

-2.938507
1.6408844
-27.930603
-8.266411
-2.1957474
4.248001
-3.3852615
-4.924492
6.1697845
6.1492233
1.5264359
-3.6616287
-0.5693283
-0.76000214
0.1948471
0.3152542
-5.813835
-3.0408096
-1.4085464
-6.2635193
-3.113144
0.3659668
0.34307098
-12.422066
3.524643
-8.433655
-2.136177
-0.8334274
-4.261055
-5.008747
-17.99878
10.603905
1.1517754
-0.5928345
11.330799
0.9710808
-0.5595932
5.732521
2.0402298
1.918747
-0.10934448
-0.23191833
1.6089783
-0.030883789
-0.5791702
3.5065765
-0.1003418
2.3003464
1.104805
10.397034
6.593788
2.7384415
9.397148
0.6706543
-19.594147
1.9560776
10.279541
-8.194679
-2.4662323
-1.1760864
7.9684067
5.5425262
-0.0146865845
-0.86338043
-0.21443176
-0.21525574
-1.9451675
-0.7378235
-0.19251251
-1.0099716
4.941147
-0.5141449
-1.808281
-0.21627045
-12.686638
-5.502655
30.84481
6.001152
-0.13237762
-0.85359955
-0.96170807
8.768539
18.601578
8.103821
1.0872192
3.029129
-1.5488892
5.8507843
-0.06437683
-1.7474213
2.5431824
-3.4115448
-0.7237396
-0.95129395
3.2973633
-4.4323425
-0.12895203
-0.17817688
-2.19458
-0.078689575
5.262024
2.4281158
0.046463013
0.02406311
0.05883789
8.034027
0.34721375
-0.5357208
-6.94989
-5.6988525
-1.2509003
5.233368
-3.3036346
6.552994
1.4568329
-3.2075043
3.310135
-9.094772
-0.32992554
9.564026
1.4823761
1.078186
9.743179
-0.87117004
-1.2354889
0.6714783
-8.727783
-0.3874817
0.6367645
-5.123123
-0.8574066
-0.76979065
-6.2722015
-17.60373
-5.3697815
-0.6741638
-4.910202
-0.2383194
-8.159172
-9.768051
-3.227501
-0.51335907
-2.0914612
5.4443817
-0.77628326
1.4291916
-5.487915
-2.1798706
1.457016
-0.09248352
-0.6198807
0.122421265
0.85100555
-8.684776
-0.0017700195
4.5408325
-4.0463104
-5.363228
-8.094788
-0.84736633
-1.3359451
0.25113678
-2.1899872
-10.4147415
-9.104019
0.050998688
9.967129
-12.748947
-0.3383217
-0.15848541
-7.480156
0.2632637
21.74318
-0.57463074
10.210602
14.614784
-1.122551
2.4168396
2.8862991
-12.423561
-16.26934
-5.4162292
-17.468086
4.338455
0.032707214
0.34859848
0.60497665
1.7883987
3.057003
-3.0305748
-3.474926
0.6918068
4.821533
-0.66593933
-8.869793
0.24488068
4.612232
0.14049149
11.590279
-1.1339111
6.593998
-1.3401871
4.1623993
-2.3101044
-9.075821
8.077637
-6.0783005
4.4344788
-0.578743
-1.545105
-0.4053383
-15.1522255
-0.46040726
-2.7164803
0.16175461
0.2857437
-3.6510925
-0.024326324
-1.8700905
0.37179184
-0.12297058
0.96621704
14.081928
-3.8407097
0.38778305
-16.852905
0.58584976
2.8478699
-3.6439514
-0.252388
0.33642578
-5.90749
4.2299023
-4.9397545
11.369219
7.5633163
1.801548
-1.5423775
0.12934875
15.017876
-0.5391846
-0.41253662
-3.5823174
3.8020592
-0.034793854
-2.7190323
-0.5194435
0.41014862
-5.2798843
3.088131
7.1724777
0.10954285
8.553875
1.5718079
-4.192787
-4.6114616
6.561764
3.9977112
11.4166565
-0.27490234
1.2860718
14.318459
2.5526886
0.17739868
-2.301773
4.4486084
-2.9263992
-2.5745316
2.388565
0.36506653
7.5312424
8.412682
3.7365952
-0.20720673
-12.34713
2.898262
1.3284988
1.6203232
-20.118416
-1.8214188
0.32898712
0.116859436
7.2104034
5.9438095
6.561142
13.018967
12.851227
0.69169617
2.569748
1.4898987
10.771469
1.1535034
-0.5458069
-16.524902
-0.32925415
1.3481598
-1.4056549
-2.5832672
-0.12086487
-6.581772
0.8961792
-3.1326904
-0.09893036
0.07672882
-2.6174622
-0.9909363
-5.0122147
-3.7769089
-4.979286
-11.492348
0.40210724
-1.2153625
10.465141
0.45024872
-8.425461
0.6467285
8.589249
-0.031852722
1.2205048
-0.7001877
-8.594543
-0.3448944
-0.9187546
-3.4272537
2.9768677
-6.0083084
-12.8359375
-2.5456543
-0.42990875
1.79039
-3.0285263
-1.0902481
-5.6776733
0.8596802
8.610077
0.15918732
0.24695587
1.198822
0.41641998
3.3844986
2.0122833
-1.921318
12.575142
1.4095306
11.660103
0.14437103
1.7540436
6.779091
0.2630005
-5.588928
8.245331
4.607628
-0.1615982
-15.363838
0.061561584
0.08105469
-0.17681885
-0.27500916
5.857025
0.98765564
5.3272934
-2.7216568
-0.10958862
9.708801
4.047241
1.3927765
-0.53741455
4.124954
-2.5024261
-0.13461304
13.614929
-0.6305542
15.301056
2.719696
-0.35768127
0.49032593
5.4629364
8.916367
-3.6059418
6.207779
3.0592499
-4.0919037
2.080368
0.021697998
0.60531616
-0.14855957
8.591003
8.846329
0.8826294
2.5195465
-5.95401
-0.16566467
-2.6337433
-1.4547272
-3.7662506
-1.7487488
-2.759018
0.9764252
-3.168747
1.1046906
-0.24874878
-0.51008606
0.19210815
-0.5630188
0.46728516
-2.3216095
0.0035247803
-0.23487854
-0.028396606
-9.644928
-8.081055
0.75234985
21.866516
0.8244171
-11.641388
-4.2661285
-13.373444
10.064163
0.07600403
0.46606445
-5.213974
-10.731964
-2.290985
0.2662506
-0.91578674
-4.216797
3.2836761
0.0060424805
1.8625793
-4.2354736
-0.5879669
4.336838
-3.5241547
0.2831421
-0.13612366
-1.6925507
-1.1308746
0.11230469
5.2481537
0.41030884
-18.895187
-6.758171
-0.9433212
0.075424194
-1.7886047
-11.089645
-0.3518753
0.92626953
-6.3850403
-15.42511
-0.54647064
-0.26648712
-5.859886
0.93405914
2.163742
0.22176361
3.6141434
1.9753113
-1.7314453
4.4309845
0.62280273
-2.8260574
-0.5052643
-2.3363876
-5.1953583
-2.6583176
-16.112846
-0.33192444
-0.35951996
5.835251
2.7223206
-0.5892639
6.0357285
-17.536274
-2.1539574
-0.7402725
20.414635
-5.237831
11.838844
-4.204422
17.895988
4.7096786
6.4999313
1.4286194
-10.33255
-0.21059418
0.23730469
4.915634
-0.19417572
-3.8134232
-1.9026871
3.124527
6.9057617
-0.969635
12.613876
-5.056381
2.4987717
-0.21305847
-0.47284698
-5.64769
-5.9081573
0.99720764
-0.46266174
-0.759079
1.0225372
-4.5992966
1.1137238
0.6985016
-6.940216
-0.7759018
-1.4845581
-1.3018875
-0.25086212
-6.024437
-0.29650116
-5.4457397
0.36676788
6.252037
-0.1223526
-2.5355377
2.1323395
-12.654892
-1.8096466
-3.1940079
-4.359123
-0.85028076
-3.1361313
2.360321
3.61689
0.06468201
-0.29986572
-3.9191055
-0.26137543
-0.37441254
1.5334473
2.0769348
-1.9828415
5.838005
-1.7146225
0.31582642
-0.6730728
-0.9622421
-1.2619476
-1.3629608
-6.24102
-0.14481735
5.3101845
0.08144379
1.7419662
-0.5280762
0.79776764
2.5010605
-0.96808624
8.223137
-0.7652054
6.8008804
-2.3781128
1.3177414
-0.8029251
-0.8653412
0.26631927
1.295845
-1.2209854
2.4118958
1.3796158
7.0558243
-8.728104
-0.48941803
0.0670166
0.04473877
0.60839844
-0.16104126
-0.26140594
0.085487366
1.4202957
0.9636078
-0.18281555
2.50177
15.415199
1.3188782
0.17131042
9.946106
-3.008728
-9.721817
-0.73983765
0.39029694
-1.4351501
0.11846924
4.78537
1.6891022
-3.718956
4.4546204
0.19334412
-0.089408875
-0.17946625
-0.07123566
-0.3543167
-21.214783
0.79862213
2.797348
2.8780212
-0.21424103
-2.8485336
2.4755554
-0.92333984
9.987038
-17.855278
-0.42106628
-0.19387817
11.247635
0.7280884
24.91137
2.7870789
0.87633514
4.295807
26.240677
-0.25054932
-15.573212
7.9708557
0.76542664
4.2431946
6.5270386
5.048233
-1.6959991
-0.076293945
14.180588
-4.8286285
2.195221
-3.0421906
-1.0802917
4.516922
-3.585434
-14.28862
4.0828705
1.6189728
-4.731552
0.17913818
-0.3921051
-0.36366272
-1.0926361
-1.7651978
-4.302826
0.62542725
-1.3115387
-1.2600708
0.60617065
3.8124542
5.2740936
4.4818115
0.06291199
0.6356964
-0.8204346
-1.5344696
0.13442993
-3.8647003
-5.4867096
-10.872787
0.4138031
-3.860138
-1.0743256
-5.231476
-2.8703766
-11.114601
-0.19464874
8.235535
-7.206703
0.848259
-3.4524994
-1.2766953
14.329964
5.9331207
-0.403656
15.067139
2.8222656
-1.8076782
5.7226562
7.8351746
1.7723389
0.8425598
8.358124
7.6067047
-6.9408417
-1.8830261
2.5955353
5.385849
-12.83638
5.786682
0.01234436
9.179398
1.5404968
4.894745
1.6129303
7.671753
-2.083084
-3.7739716
-0.536438
-2.2271576
-0.11782837
-0.36730957
1.4993134
0.8049927
-0.067214966
6.1389008
2.1828308
-1.5072479
4.825653
-5.8822327
0.68803406
-7.015808
-1.0359955
-4.3100433
-3.8885498
-2.8657532
-6.8322754
-0.3864441
-3.5907288
2.168808
1.7257233
-0.5626373
0.039642334
-3.8756561
-12.703125
-2.315796
3.1013641
-2.3293762
-5.860855
-1.1306458
2.0926056
7.470688
1.5140686
3.8388214
0.24131775
-12.339203
7.2178345
-1.3493347
22.757538
7.868347
-3.646469
-2.1008759
1.719101
-0.03303528
1.0396118
-1.2750244
0.19459534
-0.3688507
-0.75138855
4.5522766
-0.9630127
-3.466568
-0.45845032
2.167099
3.9081268
-2.4238892
5.16066
-0.19352722
0.36805725
1.9454803
1.3979034
11.067169
3.2076416
9.884811
2.3437347
2.3705902
4.247452
0.059066772
-3.5129395
-2.3778076
3.315628
12.004242
-0.23916626
-1.2787018
2.036499
6.965225
0.16548157
4.421921
-5.361923
-6.741699
-3.6829224
0.14904785
7.4909515
1.1551819
0.92492676
0.30073547
-0.049209595
0.03779602
1.5522461
1.1405029
3.6157074
7.051819
0.30737305
-0.47921753
-9.634964
1.3913727
27.667496
6.373596
-7.23114
-5.117157
-6.4862976
4.10376
-1.8314514
-7.002945
3.749405
0.76052856
-1.1074219
0.004058838
-8.776749
-10.369827
-0.3036499
-11.506226
-4.970398
10.886398
-0.42399597
-3.346878
2.5901184
0.26649475
13.211121
0.14289856
-1.2182617
-1.8081207
0.70362854
-2.69635
5.624176
-2.3793945
-8.566544
-1.7884216
-1.8405304
1.1531677
-1.8400269
4.5776367E-4
1.1649475
-2.8231506
-3.4026947
0.43904114
-2.7968903
10.728897
3.1328888
0.4873352
3.7635803
1.679184
0.108169556
-8.857849
-5.535919
-0.45098877
-3.8834076
0.29981995
1.6878662
-0.26774597
4.841751
0.69096375
1.5339966
-0.34658813
-0.6332245
-2.486145
11.539017
3.147232
-0.007217407
-12.720505
2.5646057
0.9793701
5.6534576
-2.9715118
-1.9187775
0.95965576
0.8105011
9.722214
4.847397
1.120697
12.822205
1.2832642
-1.3345337
0.08331299
9.030792
9.740295
1.1118164
0.016784668
-2.7831726
-0.6869507
2.2917786
0.81243896
0.0541687
-0.14505005
0.5840454
0.5686035
7.5057983
-3.531128
-0.8144226
-4.5285034
-6.190094
6.104309
1.2024231
1.9404297
-1.6330261
1.1229248
19.410126
-1.1325989
3.2532654
2.3105164
2.3407593
-2.4977417
-4.283478
0.57785034
0.20550537
-4.2757263
-0.07672119
-3.4026794
-1.8694763
-2.2261047
-3.2306519
3.9247437
0.37145996
1.3821411
3.1011658
1.1958008
-1.4150696
2.5778503
1.3018494
2.6991577
3.9536438
-11.396362
0.6534424
1.680603
1.1508789
1.5274353
-2.1923218
-1.9913025
-0.7503357
-0.4197998
-24.549316
-5.975464
4.8828125E-4
-6.297821
-0.60357666
-0.020263672
-1.1028748
-1.7872009
-1.1131287
1.1300659
1.7278748
3.0909119
0.7086792
-21.66072
-2.9279633
19.474792
3.642212
0.12454224
20.46112
-13.736084
-1.265625
6.1453857
2.398468
1.2231445
-0.9545593
0.99832153
-2.03714
3.1812134
-0.924469
-8.579285
-7.772156
4.6960754
-13.544067
-7.963394
33.248184
2.1158752
2.0789185
-9.105743
4.1293335
-4.4689636
-4.0184937
-0.5364685
9.412872
5.2117615
9.505371
-4.3828125
-1.1633606
-18.67871
1.4562378
-5.0756836
-11.244507
9.246216
-4.2783813
2.9526367
8.182526
-0.19793701
-0.04385376
0.08807373
-0.5001526
-4.6556396
1.0366211
0.83691406
-3.7321472
21.810638
26.859772
9.41275
-3.635376
1.2037354
0.029052734
-4.88208
-14.085846
-6.5115356
0.54159546
