dy values
max = 51.98805
min = -25.954258

1.292614
-1.1762543
-16.151432
2.1072636
11.565163
10.62784
7.8746643
-5.4031754
-6.886009
-7.2439137
1.5868092
-2.7985554
-0.8649521
-1.1512737
0.25931168
-4.470833
1.1714725
9.936575
0.537508
0.45467567
11.981525
0.71726227
6.1712494
6.900543
-9.105286
-1.2702866
-2.5741577
0.59625244
-12.032848
-5.6548634
-3.402256
12.928648
1.2649002
-3.8121262
2.8572693
-1.0204582
-0.6772938
3.7691326
-3.5952644
1.0805626
0.43608093
1.1843414
0.16183853
-0.90281296
-4.0262947
3.4524956
-0.6174011
3.925293
-2.9968033
11.312336
3.970108
-5.023155
-1.8134193
2.7505875
-3.9556084
-1.9743156
2.633747
-24.039305
-4.1283484
8.835624
-2.231657
8.117233
-8.010864E-4
-0.6484604
0.5524483
0.33316422
2.980465
1.0591927
0.11828995
1.9328232
13.736088
0.7140541
3.5173187
-2.9539452
-8.484074
-0.2989807
6.6077766
-1.8126602
1.155407
-2.8095016
-1.0617905
3.2583733
0.7351036
6.350765
-0.19559097
-3.1736069
-7.99382
-2.5398254
-0.23392105
-2.9756355
-7.2500076
-14.7994175
16.679514
-0.37257004
9.6814575
5.699402
0.42637634
-0.14690018
4.161522
-0.24429321
-2.5567741
7.087139
-0.0067329407
-0.28426743
-0.11080551
-8.075886
0.076480865
0.1598053
5.534275
-2.8853416
-1.3020096
4.603817
-3.6907387
-0.5513344
0.48258972
3.389389
2.2373695
5.789032
0.22350693
-6.2117157
1.9355087
8.082569
-18.062122
-10.375202
-0.70451736
16.36296
5.8058777
0.21301651
-2.7386093
-1.2158737
-2.0197258
-0.3288002
4.7207184
5.865959
9.53054
0.73371124
-1.8174667
1.3871536
-4.10363
-1.8351364
-12.98542
5.2128677
-1.8648033
-3.6818924
-0.5263138
-3.7772675
-9.061142
1.4941254
-1.8418236
-11.84568
-0.074539185
-0.6366863
11.680658
9.097836
0.06785202
-2.2718163
1.1280136
6.2430954
-8.910992
-4.0495224
-19.307564
-0.5016365
-0.11327934
6.9872684
-1.3945923
0.61914253
12.367258
11.203529
2.7862625
0.64950943
7.3879814
0.91625977
-24.425228
0.05082321
-12.422428
-6.8435555
-2.0659409
0.49723816
-12.07342
0.967299
-2.0194192
1.8758177
11.011598
1.922986
0.018745422
-6.700062
-0.010112762
0.65499496
-2.5539093
0.24031448
5.6512566
1.6850834
2.1339989
2.745596
10.052963
17.599539
-7.714634
0.24684906
10.68367
-3.3701324
-2.1410713
0.8833542
3.140316
-1.6721115
2.8331528
-4.3527718
2.593937
-0.10271454
-5.4267807
-3.9808044
-0.8176079
-10.98909
0.18770981
-1.5691433
-0.484663
7.244129
13.953514
1.4053535
7.4956512
-2.845932
0.8119354
-1.4199753
-7.1019745
1.0213814
0.5015373
-10.358559
1.0249863
-9.799549
-1.4272842
-5.681942
0.3381443
-0.93668365
-2.0612106
-1.6199303
6.5603504
4.1942196
-0.4001236
-2.5034351
0.5562725
-2.7175636
-0.21797371
-21.218637
5.0815225
3.0394802
3.7200966
8.999792
0.5159588
0.26075554
16.49456
1.0078087
9.874821
-0.068374634
-1.4781075
3.495102
-3.6837006
2.1759949
0.3334198
-5.7007027
18.922752
2.983986
-0.2608261
0.2828598
-9.574013
-4.595585
-1.9071579
-13.964458
1.4228821
1.6369057
0.018894196
0.57798386
10.893402
20.88094
1.4984055
0.41033936
4.5785522
-2.5942001
12.582291
2.1084213
14.077881
2.4877396
0.08571625
0.17048645
6.9678345
-4.542862
-0.20864868
16.279114
13.599022
3.5711975
1.2736664
-0.36741638
8.272125
-0.52459717
1.5218811
-3.7080383
9.761047
-5.122757
1.8611298
-0.34498596
-0.19007874
0.5529022
-2.6207886
1.177597
-0.029067993
0.13948059
1.3697052
0.77983093
6.1168365
4.314148
4.848236
-19.55101
-0.63378906
0.34484863
11.300232
-1.3768921
3.3064423
0.6371765
-5.71402
-0.16781616
3.1908417
-8.387711
2.0649872
0.49032593
-0.3841858
0.56108093
0.29821777
-11.244247
-10.335846
-3.5767517
-10.498428
-2.4286423
-11.618858
0.46697998
1.0556717
-1.0466919
0.30429077
-0.31307983
-0.24249268
-1.239891
0.011756897
-2.4717712
1.1355362
0.84923553
1.7029343
1.3745117
-4.2679367
-0.37608337
4.3335724
-13.811829
0.011772156
-3.9006805
7.4425964
11.643524
1.0959473
-7.304817
-0.24137878
-1.4058151
0.13136292
-0.82829285
-5.2958374
-0.8150406
1.005333
3.7736435
-0.34607697
2.2270432
-11.062378
6.051651
6.1629333
12.499771
-5.3502426
0.4412384
18.15387
7.6035156
-24.693779
-5.096573
0.80638885
10.956314
6.967201
1.6930466
-4.8111343
-6.3454437
3.230667
0.019073486
-0.3930893
-0.04360962
0.13690186
0.24101257
12.917603
-23.813148
1.2076492
-0.20318604
-3.7645645
-0.31023407
-14.164238
0.98200226
0.6731415
-6.4401093
-1.1154938
0.6352844
-11.4867325
-3.3406296
-14.313435
-0.40937805
-0.23029327
2.0163002
1.3291626
1.1296272
-0.4494362
0.4221611
-0.02148819
-2.729763
7.3126106
-1.3502197
-1.858551
-5.5519104
-10.140148
-10.733841
-9.388636
-13.675478
2.0529366
0.13041973
3.3633776
8.100546
1.3118095
0.1904087
4.6727715
5.46434
0.06290054
-1.5795555
-2.9597664
-1.0790634
0.099056244
4.115982
12.904213
0.64313126
11.740124
-0.55476
-1.8950119
4.5544662
-5.4600677
-8.436825
-20.1987
-2.3995113
2.9031773
2.6842003
1.0967789
19.757969
-0.36487198
9.313255
5.462284
-4.0352097
1.8359299
2.3589706
-4.879486
-0.5777931
4.175907
-2.3733215
-7.3537865
3.7363548
5.823105
0.91895294
-2.055046
0.0119018555
1.1780472
-1.9810028
-12.865498
0.34918976
-12.244194
0.17569733
0.017154694
5.109989
11.669495
8.302059
-8.206524
3.707386
2.4041061
12.1008835
19.272308
2.7878036
7.3970566
6.9972305
-3.9032822
-2.5782013
-15.442596
0.575119
0.4832077
-1.4591599
0.07859802
-12.636444
-6.5918655
1.9875946
-5.5360794
-2.4450836
-0.7296524
17.318596
-5.723297
0.48418427
5.0689545
1.7932129
0.29052734
-1.1877441
6.83152
0.35365295
3.8123398
4.7855988
-3.5152206
-8.84317
0.3612671
1.2878494
7.6848297
1.106369
1.7207565
0.77705383
0.2418747
5.734848
-0.3897705
-11.724052
-4.8753433
-4.115059
-0.027389526
0.90987396
-3.2443924
-17.430984
1.4685745
-1.1348953
-3.1458588
-0.74634933
-2.9541206
0.3580284
-2.2804298
2.4526253
1.9761467
-0.73223114
-0.07765579
1.207241
-0.416996
6.0388603
3.666687
-8.738014
-5.219368
-0.0070991516
0.32034302
2.4653702
-1.7344017
-4.1029854
-2.9964256
0.36465073
-13.821373
-7.6591015
3.297411
1.9618416
5.2856064
30.536991
-3.1747818
0.38343048
-0.36852264
0.8585892
-0.35534668
-0.30822754
-0.8048477
2.0352173
0.7844162
0.9099121
0.016044617
-6.563423
0.2957077
11.82518
-13.438568
7.610237
0.19888306
0.23769379
3.3600082
0.524704
0.7885132
-0.7910156
0.52853394
-0.032341003
0.35390472
-1.2564392
1.1558609
0.65049744
-0.42557526
2.3490372
-2.2926712
1.3261948
0.75161743
1.3878937
-0.7104111
-0.07421112
0.56185913
-0.024391174
1.7394714
-2.2977905
9.770065
-0.018501282
0.07924652
0.06578064
-0.3042755
-15.596962
-6.1780624
-2.8553085
2.7872696
1.2841339
2.1427536
-6.5328827
-1.9644318
-2.685711
1.8563461
-2.2870293
-0.26055908
-1.5953178
-2.1710587
-4.7574387
51.98805
14.717964
-0.9245682
9.274445
-0.1838913
16.07994
0.08226013
-1.979599
7.88237
-9.175278
-4.601715
-1.6013184
0.3062744
1.3671722
-1.2904053
-1.7279205
1.1307068
-1.5940704
-2.3373413
-7.832062
-4.2280273
-1.0000153
-3.6087494
-12.634697
-0.30039215
-7.048767
-0.66884613
4.209297
-2.7250671
5.7807007
-0.08279419
-1.9299469
3.6201172
-0.8868103
-0.3510208
-0.917778
4.3214417
0.82787323
-0.17623901
1.1501312
4.3660965
0.20171356
-13.736626
0.7639847
3.3201675
-0.40366364
6.336937
-0.46105194
4.7056274
0.6929321
6.8820877
-7.5570374
-1.0344391
6.3336945
5.4472275
1.275116
-9.067047
-0.38752747
-1.9784775
0.54146576
-4.1587753
1.835228
1.4819336
3.9290848
-8.891731
-7.13356
0.5372696
1.802597
-19.631645
0.34814453
4.110382
11.023582
-3.591629
10.607742
-4.0184402
1.3095398
7.6521835
-0.16390991
-3.6634293
-1.7767563
-9.422012
-0.754509
-0.3699875
0.43779755
-4.1289597
-0.27955627
-7.447159
-1.2425537
-0.24795532
-2.715538
-4.1303635
19.062836
-11.360275
-10.797752
1.064827
6.4403534
1.2411118
0.34993744
24.779106
9.606209
2.653984
4.804985
3.87809
0.7882385
2.8582687
1.7950974
0.20135498
-10.256851
-2.0132446
-9.88002
2.2413788
-2.9832535
-0.52173615
-11.091988
-0.14706421
5.1792374
4.4466248
-8.811768
1.1308975
1.3984833
11.000702
4.582489
-0.7009506
-10.740921
10.228378
3.7985382
1.9473343
3.2078323
-0.06599426
-2.3270264
2.083603
0.16001129
-0.39627075
-2.473915
-7.6495743
1.8391418
0.07231903
2.242653
-5.593338
7.3743286
-1.8471527
1.0671539
0.18925476
17.092026
0.46258545
1.7325897
8.681351
3.6486359
-3.560196
1.4237518
-0.020477295
-3.8751984
0.087905884
-1.1314545
-0.9218445
-6.010742
-2.9861984
1.403862
-0.22714233
0.008743286
-17.268661
-1.1865997
-2.295578
-7.7375336
-8.824898
-8.8813095
0.012794495
5.541191
-0.51286316
0.82128143
-0.020477295
-0.09729767
0.6464081
0.44948578
0.46524048
2.391365
-8.956192
0.2919693
-1.2540436
-6.557892
-10.1763
-9.095364
7.5744743
-2.7987518
10.859802
-1.6592255
-1.1721802
-2.5210037
3.6595078
1.3409882
2.0005264
-1.3627319
0.16326141
-1.5135193
5.3381195
1.583313
4.9716415
-6.3086777
-8.548286
-1.3866959
-8.541809
-0.8029251
0.13992691
-4.984356
0.18536758
3.05624
1.4508591
0.873703
3.9942627
-1.5314331
6.4710236
-1.8394699
6.802368
-5.4187164
-2.4165878
0.25041962
-0.003982544
5.5615616
5.5160904
-0.71437836
-0.59477997
21.069725
-9.646576
-0.7203598
-0.024246216
-1.165268
-0.04748535
1.5490189
-6.8621063
0.32466125
0.19926453
3.4814148
-0.51335907
2.3859482
-3.226593
-2.6525803
1.3656693
1.6053619
0.27855682
-1.0212402
-5.457321
-1.7894897
-1.6664963
0.015388489
7.420578
-0.8117981
-0.29293823
-7.956726
1.2520676
-0.6760864
0.60246277
-2.3831024
4.765152
-2.4602432
-2.959198
4.9456635
2.0597763
-0.6055527
0.6535721
0.31560516
12.534096
-1.338623
-4.142273
-16.693855
-1.3563919
-9.472351
-4.068821
-1.7489471
-0.7568474
-0.23322678
-0.43367386
-6.171669
-7.1761055
-7.3274727
-5.2169647
-1.6597424
2.58539
7.0344334
0.51330185
-7.038088
-0.19691277
2.7452507
6.2978954
26.280811
-0.46917343
-0.32633972
-3.8264885
-4.9519615
7.094269
-0.99018097
5.995922
-0.89003754
0.5045357
-0.5919533
-3.2823753
3.4936829
6.3196754
2.41111
0.48947906
4.649605
2.8877106
-5.397011
-1.1107635
3.4786987
0.6345978
7.0202255
4.3420105
1.088913
5.957489
-0.85196686
-2.7143402
-2.302414
1.4991531
0.67974854
-1.2906952
-14.249359
4.6031723
-2.3651123E-4
-18.864845
-16.583511
-0.28159332
-3.1542969
-2.6469193
-6.7564297
-4.204895
2.5540562
-1.3369217
-5.1993275
-14.706987
-0.32824135
-5.9524
2.2169857
0.5641868
13.318313
0.97789
-2.9833183
-0.3952074
-6.9311123
1.0074348
1.6918259
1.3053179
1.570159
0.24037552
4.0141172
-1.3474045
-3.444871
-8.964594
11.418556
-1.4326258
3.9663925
-0.70547867
-15.8234625
8.821942
-0.08688736
0.4327631
-5.7106466
-0.74698496
0.018923521
-0.20205522
-1.5128412
0.41357875
1.8481
5.814521
1.5709429
2.842885
-12.850748
11.879872
-0.7653208
0.2855978
-3.1162052
-0.14597797
0.11531353
0.33279133
-0.34063148
0.14035797
-1.0782022
0.13278866
38.240555
-25.954258
13.136356
-4.34531
0.45643425
-15.642229
-0.8414049
-3.7714252
0.37988377
1.4164295
5.1822567
